757147 167851000 301413356 336971124 659598368 160567225 391749387 4890851 35766290 26239572 
473038164 597006 3615544 326051436 392289610 118341522 170427798 37215528 675016433 168544290 
683447133 950090226 82426872 116752251 194041604 706221268 1069909134 257655783 84970743 21417562 
37379060 40873980 8670528 80835680 436291072 653352030 106923810 374079500 466701606 86546364 
247776867 480572136 222071040 36629216 366496748 549646416 278840198 119255906 33557676 379268589 
150378795 137583462 225450720 32230962 709031778 144328645 513494528 36547830 416998221 84161664 
318773940 170724396 553666285 368402970 48581612 31452500 368026284 47903380 939151437 204145359 
189920159 288159399 133145005 314295422 450219948 160203212 358403180 478734384 29331900 31051110 
110710190 567314088 139695684 111511395 87708700 317333276 103301480 110400516 634446252 481551312 
39202254 105947 738066084 26137200 8465309 55521104 554160984 43110747 94689270 217042882 
108977344 330434685 108129400 521273564 690847794 68513792 190566996 490170278 65449575 44362899 
48440001 278570942 187689600 89065044 407401680 226128238 407412022 760640413 483589584 227869096 
145992802 539460830 49267978 453525720 220504716 42676068 486774960 460347888 128804732 536672875 
601621398 33763104 700148238 192515622 57109679 101289132 680257988 54363400 6526000 564329607 
262342368 131182389 250532865 52946170 248711870 851267488 679854069 304123424 8980026 442118269 
625828104 67942656 226140875 56829266 70778792 544418700 81507654 200494797 423188884 209071423 
393186913 257244834 4476635 67311552 455546030 398713616 320516970 211951914 647333036 70953718 
105043115 625352805 9856896 38371240 119711628 553902118 661662372 1993264 469069512 15405769 
113190750 116936618 260860996 695134188 345474072 771804540 97979505 109615218 125370428 30391024 
186085235 132727578 36982250 116869478 240524736 758987916 491315148 332152310 211859639 61474686 
573534710 4703684 240430120 26304960 222807551 19683398 80133375 2968732 330381356 185218041 
850474296 483015465 296129475 1205864 538807492 103205600 160403320 694220262 416255900 7245755 
507755360 88187632 91426750 1917160 58276680 59540375 576539744 595950716 390256886 105690054 
607818884 28976352 488947088 50643600 59821560 42860570 653533550 289453752 274074594 36600876 
134671852 103093155 428097498 67270875 179722712 725063960 103267724 3025308 49556357 331592375 
10440640 50335432 102239780 892697481 163781817 455212560 444585960 656981444 103003940 258076798 
547331700 333243724 108803555 13772400 167787462 29386280 44985668 33084516 314309231 452452850 
324308880 355800312 126908700 893010144 415289260 178213200 272651155 477228096 15214482 113881782 
682701327 700817709 167931712 299487104 237757032 278514985 589302567 110605385 58584988 665647080 
204442986 106566656 112931688 308315633 66762316 6473181 10599485 230010816 60485150 49221666 
154662294 458799675 382506675 57559270 51924684 483260515 414942300 505755579 155265662 43436158 
11073108 261574080 73435176 4764300 239846733 493496025 150633604 852544847 667415472 32312136 
358595208 93502520 17563000 7818980 15185844 862897840 313830439 530819520 547596650 50477733 
393618550 373783842 498727740 248171352 2934265 85115160 307740784 109137987 489955200 175664124 
518678244 808417747 191041647 816269960 811416462 125192277 175526845 197046296 144640224 368634528 
70562760 114462268 189268950 386985060 149926089 16399812 480931523 13483278 199760710 501399360 
310692888 159336147 50890064 293743776 18903750 7656525 3460866 237289206 185394432 53073944 
253761475 618600040 327724188 26998478 119138215 451039816 53117100 592933460 789222660 271929123 
517142304 681162224 850328910 511396803 50869921 312840400 77993475 603204 52924536 37190691 
593009367 23634369 18011096 19492480 37306518 625679152 9760740 102089007 549036600 20246116 
94271688 581195910 106872030 252522537 176755552 66921357 798876862 73937520 763104868 534266275 
631025355 214125304 176826760 419315688 144647475 503565832 550280256 298342156 639380217 217268820 
614902312 583051875 265636340 429421776 184699116 54918912 738138368 27753110 23767965 325241430 
29410875 136618482 32488500 122491708 112775229 288088032 101726096 121258782 271184102 374975568 
1646352 51891521 651375052 615536000 359378844 580927750 478694304 43755428 797663487 53066022 
710743572 17503146 68096280 37398046 74202639 78564402 429941952 719201913 214644045 328437568 
827355405 37435122 75543236 122027170 196127874 124592188 25705787 38282535 719906253 852600 
366934344 245122155 191897325 55704870 884849056 54872228 333120350 606566616 249849700 169745491 
30415085 443114780 18181524 434750964 859407684 261338904 204338390 36808449 705152 178401600 
9558835 23534154 259151711 373857135 669898600 151226204 74432700 15529137 140954880 123910884 
40747176 209803656 247283505 60158016 208388616 833807942 552623484 7619240 70216902 89268144 
598343235 534786446 409965684 1040046690 782513613 58960008 52199436 775563449 23762772 562851680 
646472226 96202704 261690970 874443392 26713630 3647584 102716592 154514934 130821562 734342288 
7358740 188986851 481902674 303356988 573882182 603789256 198735446 146163476 21077232 51170225 
313639326 203387814 114047340 427663200 151375122 375261696 7496280 129541125 83826054 410915392 
625123946 357743628 649751680 75299325 150682 268248800 447745320 41643110 16374600 710051194 
379548108 234807444 414627972 238952994 369563625 5472475 320544720 166351380 8564920 566409834 
432250364 219218481 10534590 406340550 250111750 322423632 23434686 94632948 865029096 630208859 
47933175 133423348 42851951 285780080 782785344 136605885 168149696 234774488 235305576 215014512 
91485360 549025506 30752173 39380949 46851735 28860925 509993200 4213535 101412624 271538082 
409322700 188540235 205166829 560098496 712156098 510282168 297131220 270164946 727992320 106185162 
89313180 1192136 421056010 2114040 186996012 667338734 211217253 773142975 219372300 12322622 
2510772 273580008 79386336 58249854 107761320 32861484 310837406 153445144 4137602 159361670 
152704200 201104964 621626684 946441544 17307387 479416826 69690456 770254684 228784986 325337968 
286843420 767733792 173948250 28045464 314222013 87718362 355366236 683216388 250581468 130029956 
467020046 188395564 206237981 63257360 68314980 732878406 563579659 199133850 53045208 665723850 
16273168 10806789 556633155 350593409 474645248 478790760 708234242 71841229 18090540 19836684 
146373570 17947451 534010505 46933263 377035020 311636556 75193962 54321760 12759958 71120180 
548816938 23608620 31876416 107672994 72575154 369667955 20574378 210596750 532163172 75726738 
853719628 421924346 378768715 204157375 10514196 65483880 347219840 263304576 296402720 11739010 
229776190 259135604 234364096 333702888 680931736 61137216 203030504 68728280 11414208 642645707 
590904615 3042900 607198176 189041073 700764042 813035200 198341460 126403543 401436840 420826464 
45046580 20249975 46978854 46397956 706610772 24701040 57954480 51603265 593109700 385569072 
178982290 582152862 287317967 1474089 34825140 432421976 130257780 151516902 540852402 548391 
117246528 280343040 285487136 119843931 501169590 171402504 173048142 547005459 142511840 519892329 
273387312 69763932 33751602 29753352 318707900 28339496 94236480 248640336 468786008 25463080 
147442020 4550562 88952227 384430590 506370995 72347136 159570684 340262582 351606750 332372103 
72122595 66082328 580009947 183417960 42089544 69391796 224886506 51399240 66843843 60205656 
62081886 35260224 837327309 437641164 92756334 354425728 250025178 89228165 723769293 537713280 
2018036 296241062 477486710 194598102 485807460 82954225 23272893 265119084 238654920 147307617 
415650 404332775 152187750 46212045 383902348 740856024 145600832 139244404 561160210 15814197 
43441695 41326698 609682897 233510368 573807484 918409758 234773676 7006740 143924040 344512581 
391944044 243623091 362216310 313838882 138465392 454556176 636343555 432546428 167334930 20181024 
746415282 111720722 73615470 47462984 107880496 136143960 511659828 95466450 354421239 549800365 
60435268 733635445 183017602 37747150 5062947 48878890 325599995 18137988 21079872 59038356 
221761830 146788155 972195904 37177480 357459115 109067794 457301068 37387288 493588386 56703012 
734987880 229642852 541480256 346837682 86792255 61250184 164162208 313651016 685798020 179120215 
278116714 257218200 288919323 166820275 1138440 9672377 112754828 336359302 77725720 742023894 
216498192 48187724 6701245 551198844 5146862 225442896 97065000 9505054 642452744 97740595 
100669107 217134312 118231107 168390981 166096482 461287255 237684312 288028980 408739025 86339884 
39492432 12222008 611818440 239077440 293609043 68166968 328742064 490206720 407790423 491345477 
326739127 58525920 289310010 207166200 230503680 105654875 100993368 124146204 99894864 82528200 
159019750 502600370 38702880 336887994 105920640 64485840 285263594 66146040 507202402 169581360 
258365120 16543800 474388030 97677908 214273808 549197740 16371025 399209632 214918710 18581906 
376362 226686976 712060624 230386938 234568500 42551265 69385255 120059920 531869821 721542055 
161996141 31965956 769752957 112580454 527238999 180595880 400599192 224554427 389579328 145311430 
315810235 34250278 79691976 139452420 184219210 805249480 525268095 831921870 476096787 119247990 
124043674 267030370 638752452 60620904 255841365 236536470 473404330 210174105 290062569 8364646 
47601647 46077910 193322146 131191272 63126436 615363392 424037123 102577960 765597427 265279324 
402596873 655258263 27525365 408435345 9211950 251483302 927351612 185385825 29648034 303777078 
