9278017 78943579 316253872 331690477 285192598 191175202 267863336 230869107 175745512 27601106 
598256790 305266510 875040712 558372420 57836260 64460140 559053237 265070496 73996845 343772114 
836061607 556239987 204114924 321838094 133971396 186298245 37140483 88300026 115377723 123189139 
52149614 30599108 842117213 15511013 328926386 472278229 176771149 63850186 465275602 255381486 
229250529 20149298 313683075 277048691 44924691 20301961 418432509 244083266 447430949 478785818 
145294744 60151144 444906927 869611040 688461110 446871999 9103233 159914475 69906103 352395898 
85127239 117484121 740553267 74711411 106238331 602146003 36602974 581217293 405464624 855203884 
161579389 48376358 497257722 805480 333094575 527332805 337494703 794424277 190423020 312955797 
407366137 97262767 721451806 216093309 381150132 553619691 559105479 215402872 368373251 603950869 
38839864 664325659 181109878 281639390 2252278 1028029337 45863681 843917559 216975 324476288 
39823607 341431610 660619486 420062908 36936684 45562590 590553133 631790969 77368620 233893566 
153031673 761975740 256105033 190798119 93749708 22257609 412660438 466322812 80899601 770677075 
627114904 40555949 296474370 77682527 590531490 37359242 291670645 524670 51278038 850873262 
24634039 163307376 294856928 312248311 138245694 2577065 289917226 202139282 321569548 32579516 
499661418 11074786 164102231 848919139 319769293 644570817 9583155 174145727 416507428 301553019 
104677789 627209968 483145339 27993712 249519925 337425577 926746 116307760 401013745 137002905 
37259048 711533490 115980675 275427163 553017065 342464130 263614735 599835790 260337535 558626665 
202921097 295761817 339149142 77510470 174057432 842267417 117756229 542741812 21182614 157124670 
13686034 24162225 528366851 2212958 118457183 245620756 11541400 208836849 32517058 171864536 
149910665 238329115 400810743 88249327 105794309 286973034 58148814 376017441 990804 20361412 
216873025 286542009 182694620 292310236 159430563 375506048 685990232 154143910 62414512 150023362 
36939910 702979492 419404563 472634491 5652223 528191 648442499 327051612 211768796 347670796 
57441986 59197758 37051084 3365693 317213744 109665 451456878 27630382 420572280 53442252 
627834911 52595451 401703298 160451709 148090870 675478623 199155320 242502566 357871652 358824342 
3826759 371262983 1053656621 72488807 259225340 144731896 7215120 665706723 423769596 101264192 
481122382 207275171 460740707 834401292 80086270 300363151 526075919 159267430 64710143 156376895 
31653527 7963514 220384088 164525283 431112757 918238672 118677932 33852355 433792770 34587478 
474119677 84631857 116762639 358963675 112424867 273080138 259923866 331450694 655410704 28315546 
309243070 6530651 26776832 202943943 74967097 196955494 512399191 20761122 37897153 40729352 
151848 754501323 151205912 71632744 218167217 265340332 1013695059 520932263 627014 212472513 
545080220 431108511 103332297 296907935 15730929 143921078 327832999 541910651 30445124 89509464 
7757014 123383890 346751510 264166180 164870032 100362932 448983600 29767969 372499464 217544496 
268975502 129035732 25348079 677575265 14769032 527067690 272323450 82686403 12492348 361673627 
254537031 160918872 649340073 42862676 415881852 39870961 461641734 56157497 974189154 553923386 
4120756 418929204 54241347 53729739 710842353 299586276 313505077 62544367 161564420 241896722 
50056939 301899512 190902080 93905047 573781 75867717 692965435 458555632 54534518 155306579 
199795201 231743171 698781 3849134 522843374 635070499 69317575 299325153 2522233 311199556 
236035072 30488607 203603629 219981011 194659821 478114551 160943177 307802342 55730208 20449 
610458774 577667 42781414 19424947 68392331 181934089 19639455 48272372 594059418 192970956 
598409052 223527521 350548096 420164540 705190261 262931451 46832688 868084961 55882622 143185247 
14715057 114254876 54509805 228175951 362576847 175127961 328888057 586184912 235884583 351298305 
103739214 390839042 88410568 63299893 140565611 208026357 24161143 614049755 21022596 273417325 
79208773 296002468 310125936 93417833 176956229 692803488 347506437 235970662 14293053 646562932 
5602567 6383002 301972959 274242006 566867537 3490878 320813146 358270187 10186178 17823485 
641338793 105948592 9153855 113075319 15779798 235918512 61369365 581006005 289396406 202962191 
758832853 4429246 564952861 791565679 128777022 712352094 1050949853 284852354 233854328 11439246 
81192516 110056929 2020625 388789219 159794766 190332035 173034492 335106997 705582835 278868645 
601648585 151243018 20282196 3218810 24547904 955497465 8100536 385058068 361063651 292092315 
627139150 44214366 374906546 31634019 728459806 716538294 77624929 69924669 410788898 71076388 
339883316 583628545 220533946 68007908 87596571 485130223 192220969 611386264 519055945 264318950 
130023150 176440828 284286626 24020099 175532591 444780204 768819772 63857094 197544627 146657015 
540945229 156157863 87674078 263500972 698231985 78298127 608902758 17783837 106510383 2290910 
243726486 370050317 953519425 389230612 141611500 581929189 339490425 465591688 84723511 474516408 
367906534 454004465 480653574 635653030 26601826 28785210 337331920 15283981 561825 534277305 
99898863 1012329974 206267601 56060376 15149533 4542991 11853691 239548658 865027148 77026629 
48918994 229919178 458591995 216014475 38243011 281847915 500921852 56899429 191235974 610319447 
40142741 120502756 422206884 62461576 399885640 823740905 73613807 390362544 23552896 623177068 
139007211 200800803 391429945 334595553 267747789 6839052 513416556 627567864 234714850 42952547 
21801297 119778026 10957166 9196191 161674869 400080498 59013124 242219847 738564281 214650207 
467704824 24170183 165466793 289722114 351332420 78716216 109311275 375043420 380891237 680077184 
96266967 139834656 24030871 92448431 196026059 583557108 22164994 437149821 60425870 56336746 
387826201 3476664 380472855 622367897 250029004 69287313 168290741 415916824 402326267 197413035 
99922721 48637827 486172759 7873659 685866068 11045385 69249425 836339478 2798197 180985704 
200243290 160776711 407932703 4700166 344851327 676008682 709267507 566564798 589779894 23661089 
123021007 111194607 2759944 256823493 368434659 368344003 424016408 327330948 332799560 122340891 
279538123 74370243 159312049 323528580 87923801 160061962 86018172 289832476 945223968 770017435 
7348094 232358245 165091596 639976669 366219328 203782633 166611971 403303247 10678645 886184388 
68301942 79887132 183972829 374577097 28790742 293642520 88885377 21338671 668235961 504427016 
754704857 29143742 380612860 1451119 122969737 229474160 77259599 368639924 197059385 228627788 
157784839 163647116 331627705 117300197 694014596 153920935 383791735 698877209 96469564 713875332 
92777655 52976920 72405804 126339421 663107558 42408590 19861388 617022750 104319296 178700999 
222836821 36070049 418675716 67597209 33838040 347909031 153102525 471842435 8347293 544968801 
795517873 517536630 373612982 52380567 377472298 131146416 67698056 202489065 373691518 504409962 
422291775 240021444 495513305 55217947 21542540 188078300 261428104 60883087 85194517 436781804 
968464 72890223 633899215 125995220 330456478 72590628 824147056 374375468 109249273 313132783 
344008294 771246463 21449528 96014543 659855805 284874657 700720998 143518374 290275808 237488470 
159016739 524386903 249254492 409566166 539102605 148998268 376228409 446282585 382006649 136583939 
61480695 98037419 121690177 74776716 76080883 239436813 16552265 174518267 11034027 586677115 
40278430 596730266 9671066 240173028 3077848 187258655 351198733 208052681 116383030 266787583 
74786936 202391871 8024262 117125889 233163011 642668290 95251893 748396249 25541244 421465870 
76642884 94664114 64772838 608488499 4929509 205731942 7859098 15216037 505827329 213442014 
70076792 33282438 501857047 393678813 109615694 783647233 273961769 169982052 25035970 49600090 
712141715 581341091 353953377 371938319 383649217 307600521 152076804 41952206 174483233 370845513 
26982821 359370632 267889156 401367949 1541874 446968595 740059597 178916296 82604679 237626558 
118973131 108953026 212338597 48343396 843953670 80656843 438179484 49986192 99267120 174446477 
702247153 102582353 263523115 1455570 98322244 16782755 33127103 795394500 519701024 86967062 
520444549 965428663 5835115 90916170 91337587 225643956 788128520 578549605 87137668 196033866 
159946242 614389940 96905769 135085159 222142846 114928882 425579897 348052751 175076193 281848326 
902566434 310347779 175025939 211704044 851650045 502271629 398344248 371946611 185708948 6802213 
31153131 383790484 377097779 527297571 565139730 180892920 252638210 6077112 307534243 160806424 
9130816 545162517 252298250 273470882 211043414 61166119 663146839 345264274 657096478 162671637 
282323645 181403087 193404645 175441381 445739043 113200178 48414310 6144122 126881640 110308494 
125531639 26933233 140388313 332539680 40951405 204422612 46339166 357471168 19956587 880063662 
534628204 78340816 417863648 182721728 58845735 334238787 173595987 16301105 745810274 1673997 
803180142 15638920 75486983 293705977 140705285 21763819 22262127 263672099 47399884 124517049 
341765404 828791298 251722074 220559513 220387911 262425149 646025635 78666800 430400663 89617402 
1438772 22564641 697815532 820711508 51832023 305401488 555944384 111155846 31163668 361615603 
332118369 606820065 706707347 13909315 2447745 877364889 949986802 29587566 15521268 189936276 
485640751 285512810 32758854 10773171 9791984 110639805 433448559 80222901 180420751 192501296 
67539183 333897361 167256395 110112506 681382620 106175377 430781535 988205290 118842656 431421751 
329712390 222712755 220865069 148841795 156761743 171336924 234803109 45079454 482188276 357285861 
39203315 40969910 199674999 316957469 262275539 54480916 240609907 146904495 555015918 42139277 
27246744 177353459 57374110 394828469 46788249 640502414 51184530 122580840 514702500 212156057 
2720310 576779811 53941581 151729925 442441507 69635772 30277553 140121516 992182755 33433606 
231354374 300272933 38712207 172222417 34681161 961702233 60703418 92689930 734619532 1702332 
10639221 195299107 803033932 32919666 87967058 184852828 86397308 544646280 898806714 25411507 
722833707 88503511 558872423 115837054 595940717 60666154 57045548 13724133 66473440 20329584 
633098083 199841221 93761881 89024169 463507774 125698907 256193595 304892295 279956417 177656968 
139202646 355969844 15522532 486752436 200528170 269240553 176465914 339571793 521489438 254455157 
60788173 605443778 613648325 322132817 31044972 254083618 94563498 100910097 68997553 267833928 
333863668 92158490 38018255 1579539 231370530 351894185 75146166 951895868 836916386 29494967 
323362778 203364275 492226853 240657890 143874510 43204248 121814288 30061860 386784329 439991778 
28542027 927909959 129527510 441284138 321202393 459660491 632270653 261179531 151246429 223781217 
115740273 50427593 259882326 97602941 198014439 629583049 29653220 104349161 44332089 221784718 
182849625 50045044 321042476 79853323 377364680 501539336 11861165 524570929 42243387 224995962 
47102040 178940041 64266949 27944032 217534770 99469098 482542614 968546478 721339672 20472900 
81232944 122139009 60033858 567283746 367105004 222054890 38388639 47370555 161572590 25401773 
713947493 559913094 763341979 51575067 219229052 815886693 93106138 461453685 648935491 28764080 
367360003 9055282 274025084 68733208 52990022 29803178 304699565 94385598 111847254 15701269 
42748170 291339178 82363308 53416360 42415269 10897010 629106847 848119 45730787 279699660 
65392183 4878876 68923828 7099670 243985599 239360916 670754597 677764247 165699064 193317718 
391413307 684240109 636825132 371603448 269950917 27020462 334075052 528694895 280191865 483375492 
1062784 567870472 194912946 392000996 61144625 39575848 49728689 430803781 31729088 59064598 
435620533 654207628 67817321 425042085 574540553 48812022 432292896 137902820 225100266 269367612 
117016022 562037693 10066063 361484655 66710623 111961954 152543770 126894506 122689408 108190305 
528724633 91827287 314557803 266041355 415366348 49879539 50275658 203833989 44610212 83278337 
133695297 346233570 4300303 117410655 399059973 303448838 356830297 829122886 212687984 161857619 
348516890 191173886 119738681 248394269 19424183 5043690 708137945 120010132 142938334 171789210 
787464000 128158614 216757691 73573200 727164673 211290850 141758713 220521338 117131218 57165982 
440220610 103501161 559746468 762224750 491489459 314484830 218488766 18144593 305588464 147278824 
53847955 412657906 314381959 512914781 609754633 89096482 165724858 65524476 184714099 713727646 
238934622 733564304 313357600 563829389 505358720 2629825 381110892 52299616 41119081 78865493 
67857192 115046070 99417406 179908348 170505970 733056643 62720803 482724651 758892116 536190479 
39609489 297339924 329762348 33491186 5381830 497630995 215353555 211004678 320423259 378694424 
699617005 666348337 39752411 130619961 767212876 38743426 37747843 278247990 177886747 96674283 
78745483 110604789 73990851 560671181 487213950 600187634 340860047 497702952 69584805 611810583 
184989845 649924229 319540364 578933589 157371234 496729209 774944510 251782022 98394544 574081677 
402324646 415300448 99449472 427421511 88063934 82196936 3851862 289657692 28075305 575585428 
203952547 41325939 3389156 26706717 535338289 157868710 397601785 326555189 1521689 467629993 
625392646 37491748 29330012 351862245 271238254 959244 57278172 20801994 127408766 19969408 
194163368 567205143 569777335 405101128 562180075 490570859 295685778 132557314 425559513 99837223 
152209915 28456681 164920495 84424501 66162769 715707313 634557317 227274255 260485266 196271829 
363641200 710999884 16383318 515475707 798898692 295265693 242214584 286336486 74420711 283233994 
159371416 36106807 645937210 245335067 703536794 357150164 75025895 39550205 480137541 430705881 
461124467 253629088 58188986 863497475 407465709 587496221 14232304 31031378 34193082 140001770 
469426195 334741994 75319347 853251198 746134051 660143507 117468058 29611286 319521738 392099937 
101677176 442087531 419292207 539407566 89742618 34860140 1042688 543666630 4532673 88511177 
36072234 590175592 2194970 62267334 130462746 107249861 175587237 427443994 645839 39949334 
215822380 752655800 130724426 115922842 485087149 718558498 652374585 250383323 35985087 346059681 
250453826 715286867 257083614 621330 294301756 48265333 118261421 413463166 424399012 120672559 
404612592 91054406 492298123 49869574 69350852 311457744 109105380 131005354 148561784 439167985 
588333288 898081761 157258043 100660559 207162331 309390500 885962608 49483805 277901941 298446486 
15991291 181446443 364452514 233703409 134454282 682941434 211021103 19043124 704083473 244282446 
975155248 116025192 157453788 30821495 636256 78063963 872496115 501510037 43385612 270235840 
51697077 130002643 921295901 58627684 496003159 482387346 130333566 152349220 449872466 498305104 
360426866 840993629 77746064 459853728 495403901 145740752 94063563 53478289 317164577 175325347 
276837686 183891769 9534744 210625431 388427120 470782505 174712255 144548876 433303735 389358571 
719816895 162479879 67871172 4616204 509587982 293062193 756635896 908386643 479187424 102130078 
162646426 6403586 29424837 433640676 317144031 10077535 690676812 362772969 266663571 114026907 
117383182 334830217 177705035 209336131 601128000 57648316 503636923 435037041 392264974 205951488 
306100426 7806818 97280689 649779036 861835525 191939688 563370747 342858755 563434297 319622779 
784504954 690854816 964525854 218610364 195643909 7639 15957041 273984783 232655630 840059779 
526627097 278532367 44110696 616465148 595659463 143642191 180313789 464571858 531064989 155493979 
845481790 144200134 631241421 102544031 83729466 252335041 568241077 102178854 509523582 413801484 
271837541 93692365 37302954 280794634 69648249 482953018 398207208 852493324 308826655 96693588 
127149512 73850447 34821671 59206627 235499177 52042336 289726386 83240639 164126053 351798549 
101322002 2621566 508248636 175240409 102724190 147602163 435501612 60973743 504170383 462110874 
14916209 21368043 105633346 509213624 66025520 30909693 122924160 466952437 64467306 593714375 
81580661 249722336 659740915 158709910 709565936 396832484 2550764 285981809 67417986 89712390 
306356063 753770083 107098359 266614042 258998149 35598808 60456677 197048286 133573803 146280629 
10221925 280182715 52617229 446399144 355660854 8809138 224219640 403492523 364430127 48347341 
77527238 95453552 76949986 393617483 1739669 187117203 555116910 267850928 469217104 108505328 
302068836 90803182 26590613 174940983 231628116 82572055 185493998 394000242 180735293 455066402 
177112745 158054955 307394640 212298509 196280534 829515108 131069713 279779997 100154979 217536967 
777179435 63238688 176286582 370845317 376264272 281551013 200601280 32704807 432340488 40285923 
470905572 626938584 76154704 241687665 149927525 121178729 27008350 809779827 114310319 5764466 
38275257 562862042 645598646 78668060 176419566 137969743 114988674 475996767 198070151 169287866 
74216690 310427451 338366418 553587010 217636943 782234481 747584700 485252945 45619024 747255309 
214243626 68714173 102399379 306037943 838266050 461812068 526206923 80457746 42434548 448989332 
81784116 88899909 69673773 204021985 55014968 91160641 154189601 372365316 494484298 362178959 
306722799 20051179 29180977 848509502 527875770 319919523 655592168 225377498 227077748 192670792 
697142067 11313192 127021448 852271432 74192295 6600860 174424791 11108882 404920568 287657078 
34760250 955313544 106283805 516483889 95281700 149530800 57295242 32169359 215905011 755175412 
110509120 18267333 413229702 994649 11782638 101310212 141654833 513197935 90276500 240205555 
244586432 488864400 805527988 728643931 109646527 622293940 108047669 414690464 951152707 261136556 
348724918 28276650 835954100 465476569 723895347 195734679 78880914 316839847 95316451 42242228 
801235090 289383947 353777254 764381223 18890949 282848165 211630583 57621900 46607960 647621283 
378370033 154097989 721635506 37355457 196279032 24854319 235952833 382964856 36472240 790669066 
385451925 39397877 823933649 2815558 595059886 11570593 183196883 42197809 30143846 812652118 
137684654 103012764 160469121 66856360 255026516 402041722 476340633 292521776 50025744 274953159 
678551203 319776887 19554436 268625122 90396575 86357915 194983888 239078216 99541561 349070582 
49931485 129535772 346740709 154599667 844256461 45799660 7693287 5962267 620798328 512554203 
61916903 964885646 253772413 286912 29099419 120326973 329461918 9275540 166107246 199013844 
262933931 114741015 387297126 10685475 47536243 353937074 27706029 401134491 131975509 45387210 
273221696 110019557 889549960 193238540 86985634 257226069 421832952 377583522 182825395 621710416 
414466154 362646466 93168284 217413704 61164107 427887096 26293182 201336938 255235407 384812739 
20415928 187944629 7923116 809206090 48628340 253664943 385936944 580764343 326808063 452008246 
785554800 72686298 96190683 60675342 2488029 554253859 72079365 230326474 170903557 152881746 
107394649 211192513 102834323 267650458 332980428 84665015 959080853 221574269 752875423 45527606 
252843505 276240539 569096114 868232548 741892909 2471921 807968135 203070635 340190922 10483645 
63712226 134780200 3971464 71159865 1757469 1233185 213393258 491272178 126465267 609276578 
602460910 16289509 194766250 132398518 42933796 36348478 109927653 885484692 537879804 423610188 
7026624 54727892 254112334 404957147 255501503 510860283 668278428 372307613 300714358 296695228 
125698265 116517856 836519801 322421120 763609275 289253941 578869296 141967536 2889813 252748389 
866498700 214552413 322939343 95720502 177232203 327831491 773633362 22147479 300188584 674620084 
14949016 140242207 8839602 786403705 53555931 380922506 588056042 94751972 373446155 39847420 
222516754 206060670 120169324 159490545 523974586 256196004 129077246 12840047 365360196 441647960 
684076825 423109991 160304461 31233344 18808972 104801833 778731902 46576698 658747937 249879999 
266992140 45265872 57227075 559934700 102537783 15312459 441039858 42628816 144328538 332147181 
145824374 320791267 402935927 495752497 13924975 691074496 452419374 369824052 8310296 464193168 
101851121 209559527 22006325 345307633 699503349 704955558 42971827 48364437 7682672 251728761 
155628996 221111061 79832330 240330695 128351950 774879394 177725772 380903320 211786969 10264440 
721898435 851760029 278368035 472628739 153752465 101789753 25080858 74636099 74902579 7875375 
414715650 363142288 726376968 58461190 459188302 52098208 146873106 578561028 413652349 275702092 
312075617 127968428 478249834 430962092 288375 20833947 667247061 17384933 342640916 199148003 
501149238 903959288 549873741 195859237 69101916 196530971 46836196 168042919 7041608 389547697 
361405054 30134463 78905329 5809274 27955343 213798870 553319152 203020865 160041883 324150310 
73442625 132298207 74226561 172630410 137316476 97157865 770340035 353698970 498194874 100219770 
67282700 554430110 165865641 115368747 478260703 383229068 63395752 494867295 92863417 2499901 
698203216 167440639 16005793 317755858 28540804 60409982 425889853 58822549 108850011 561548726 
118200212 250140088 653533294 347483459 270597067 575772 399993782 291843337 512954349 13847068 
36256074 26778775 536275584 83724625 490434896 436651216 270995640 284790739 846846972 234573177 
263882188 787447778 442448646 607378981 186065892 192838227 368637951 97040155 29782439 220537903 
184098276 162347120 44777163 94685609 384251536 443864701 238746022 297231175 218057239 290567611 
129786427 16406627 223403977 47363472 232416754 574892802 254662555 137277685 263441707 3886530 
466894732 747953181 123030636 35380198 328128590 702502685 261764007 438815578 438076724 127482416 
11695999 6375781 9508149 431074840 281421081 551227168 501867475 78021851 2701714 223076014 
247788986 561648157 912894898 52392773 26888652 360579480 511307611 42691567 835557618 242697602 
142250323 75688372 32245750 97775052 80187671 114289640 646435420 443607085 827849514 234661785 
117334391 155643828 54981086 366169687 217019348 175088639 209355867 41046873 8643155 562306301 
473773015 198991036 88348654 110141682 133216275 44533310 37839904 220368551 244136739 38468280 
9954243 28181675 80422006 142253009 873574786 53107995 26943772 37161073 454068757 88100454 
232278695 68657384 206887965 279809799 453806644 648760979 650075735 95917189 54946637 269542752 
262926713 55894544 109314600 51450812 150880768 722148669 63327471 514219197 66714596 699802257 
243294517 167889103 876500015 253846469 100188892 885166371 4603160 715531670 53645617 608698411 
392195400 608322891 344704932 197806419 318128596 776284761 475198495 710248018 133582491 138888692 
465537065 204073546 466103124 65055360 395953558 88841793 374898961 47047207 230975607 480756416 
188876611 86989631 39934213 132558520 414435734 93245589 646749553 314613892 133420303 48600176 
34271318 21401302 501215583 285928289 799850398 177650747 21888701 169716928 23042924 570977680 
380854169 373500984 12087738 559466156 165591908 280347209 267634191 10973861 802979744 175308791 
78892406 269911669 386355351 306119891 83286515 215258001 178587107 321391034 624303073 609638202 
82048285 397449858 134344354 72739033 217765939 431848 181169128 346419591 326186614 196684382 
2053809 124228855 448449911 78329150 4564560 154668970 437006467 626330543 113981689 26049523 
78517059 216750805 10488192 145424684 83915538 288505495 79333644 29673327 16198543 91325179 
379865969 7018522 719461496 983401105 103430167 569076928 25648993 504510688 116042189 334050771 
68531603 17086291 95357687 289670784 57531191 110204106 753848830 107799055 245904102 617899860 
438517470 540223341 1465002 233370195 28407119 425152677 344220233 384604804 362131179 423917556 
371207004 128743009 138653326 391123194 362943360 213829534 82029038 45719618 93912287 178233364 
7106353 127619372 157771471 117333176 178521518 118452174 857368325 81746946 181995270 108312081 
7095811 84870105 400317994 163912457 168712062 695844656 165373200 506615528 393986428 281139254 
101035572 903135430 116688444 749180522 370700787 28399907 237649790 44149335 130575642 10375324 
276508230 303854030 250523770 142744821 85956482 9444758 185429612 209400257 8846735 108707016 
261413553 534156286 152240204 392294862 32199211 720195808 61894493 77539172 9426275 87198626 
118674565 69025450 642672955 8996767 352062272 13841247 362937982 100883340 21267878 65206999 
117465425 811818912 890413318 188611660 78817611 49547218 18324708 93590052 131451956 125367790 
13667627 38879269 67398604 45457777 272097813 160317473 366688108 69713687 40425277 11262651 
151520165 128918102 635592580 85555767 318518876 54505291 185236872 5368096 562663 124563298 
765218825 213552516 686557172 283170649 277397854 98323212 603317320 126556028 36957903 142178607 
305844567 634007453 104051489 463412660 79699349 807657128 58973056 209548278 871755395 26510789 
122403663 84105155 140761176 258117108 389597239 861148598 152055493 827435626 413120821 281814018 
66489428 575473566 225989551 171711261 23568779 164383546 401824162 93044436 12327786 715431393 
320260671 204596146 92310361 664126212 787254423 290413919 346264752 511617425 406133639 466421403 
217352889 7038208 224420472 710880224 28465818 477812776 57187623 67680175 96791611 112091395 
400545921 429806004 509261286 542583063 191688481 496917052 866438612 112837090 174905486 10110951 
366056170 533020078 613522448 34214838 522282173 425022577 141416907 268059581 181798763 51752632 
485488033 94704076 256576846 371271927 294862996 4375631 27593121 372775147 151814483 521413341 
409448567 549293299 644180735 165364097 28956309 9110522 394368264 7643657 284535248 152528155 
671835018 172895398 433774795 305437552 204646227 93620742 723003390 214743644 25749472 252542370 
135695376 193942445 28679006 138425302 384073865 521134942 143836096 23258957 624216785 409528383 
447657155 303410602 32961667 13971878 144851605 245717600 835445349 567779826 210138725 161978073 
337445061 31590192 26445710 433586083 238303763 419313828 262361165 113901827 55087093 633198401 
218321228 184207359 287158521 527167100 97724869 125258629 31993286 455527127 60698539 697663009 
100651491 160925214 433287680 3437018 434017431 177388274 75626074 247532165 8975474 41034869 
18449056 468813872 837606968 52370916 115098339 162170185 50901696 743035222 468372261 86463628 
111790177 327532189 194102211 20340559 50876106 136118779 469858336 275828507 13595778 32990535 
105006368 184268146 132210325 404522198 132658786 374923679 30717897 196447491 224437361 359334801 
121376671 250765307 50801892 328975860 409898384 221106231 424166142 635118866 13600423 680032388 
107793073 346205138 168961285 252609910 47369119 621182419 41398093 63629149 165139588 287845776 
136512922 265734258 305520005 64063645 191332155 756064585 282835985 646242535 997706332 424501724 
45160687 86777729 538896514 83756576 157752827 282581766 188047451 350102936 121529388 12484500 
524458817 82452069 74300959 288642230 341362862 146461633 19391279 18738264 63392938 434266896 
145142077 962648500 161241252 82172748 71070666 268613207 536256956 547904247 306941870 30643184 
483106848 323301714 416201675 23246227 12784712 239845743 175665171 369154129 296065965 47055126 
596308844 2180375 96261479 448876907 69329648 215231432 271784435 85441763 3032854 241115641 
233780659 116611983 120292425 559486282 411081007 440534874 213632223 407639079 61104710 67612263 
2875494 218245221 203047790 112788130 180817743 230557410 205215466 30724944 445108338 167692900 
640152679 106500955 57355455 116630179 446388461 175672245 288017320 576610 70075690 338982976 
155811019 613236703 32265853 254514454 12468130 100640467 342861976 403907944 523847905 757259554 
107638560 10551164 208416110 199961391 185659144 282218698 277371441 58071446 9262183 113268032 
174541001 431474135 380647775 55694805 403838332 48151403 435663984 509542701 27095598 108515401 
242354913 420030558 221056763 632437926 7772789 114924291 561780477 585143803 589779444 121617971 
46684806 13838419 187914777 374633758 939836231 704472270 555746235 3103524 169983425 127603539 
101232266 254894079 847358357 92351581 301341173 702792570 34244288 252512748 836658559 5190813 
269415332 498042735 398237666 10394727 793256043 550840414 54257279 380723185 277784149 719583538 
143786804 726140595 422409882 167513701 71346414 119850013 482426965 72519826 3519377 186124739 
503169630 43659297 22270524 238286199 786901865 399309704 60591699 14253947 60813410 169367447 
141927234 221455231 170267060 630729487 74078958 4000631 479420228 49461843 363608358 64095668 
484051873 101815263 196892162 282712052 837883476 11933492 116890290 468447028 275915082 594508048 
193856635 474611325 41640320 273514893 104264572 325069255 21789486 295731026 19087620 24315281 
82215259 68458702 252135583 342659843 405456618 148557577 213797355 263226975 1807761 188711368 
352550990 370253268 64476031 284467546 556965887 317393441 179039073 349093410 90525449 360625741 
44369908 48543345 172621045 253529330 180863059 187486921 234835213 97521077 496381823 36264536 
612087958 165650573 210337067 309185629 173368060 134553834 93853028 91451691 283269440 321124692 
179420269 308646041 233587168 158537378 286549522 81944416 295168521 712101412 4662870 1320731 
740771517 20904910 343582655 51726510 832418346 50049640 335488566 299382416 230897118 128334220 
996052571 92906357 89282261 566368103 49535082 113203701 731445141 445193993 29224287 41322752 
187430834 618687211 419064334 7380214 153835790 520608346 710990275 132073190 77263139 165571251 
33814124 41739720 214568583 207349467 161591400 289144060 277914944 467394493 26190022 385510109 
43154990 166715406 345770140 613651491 210928403 568617018 164416730 423150800 192164545 338731323 
511636845 74145230 506646274 236137133 365313464 153268460 154228105 194537663 225292511 238561343 
24152555 109356010 456139905 34586115 621203024 199490514 313217986 152978864 405213092 22410561 
215332959 123917912 227561894 61681674 47501505 101401684 236483338 141487948 23081207 363177906 
256348317 91871882 19622874 152028138 331913675 19152085 234865769 727183396 80599597 394050304 
119835758 182714495 10431954 130757128 684429570 170202750 29076444 3834881 39083420 322378148 
382438670 322796173 315757442 18476760 831795011 297922980 128768558 87279876 271438318 22544817 
171590193 72799380 395160871 296991530 129269030 320289843 75709133 807346912 278642977 157365621 
487475272 557992034 196230979 306296533 106552436 11401756 86543654 157507870 146373371 14249951 
39703966 193290425 46742515 91502659 193895207 406796324 99284414 124620724 34749013 190911738 
23520239 32685499 179550023 147181597 9261972 18388780 118685405 73516432 232297782 612215790 
6170714 315369794 817526138 224090197 19834081 191935658 535285831 668527034 138227758 123512580 
484039233 424294380 244890806 884393055 1449858 911874128 563520261 84565425 278890805 276808968 
2904508 80391783 192073037 53151725 518193381 491683038 274685672 379432560 638845651 218720742 
29845839 23358353 97572776 100604883 11669543 348247672 212341705 561808288 290125854 347499245 
15707734 237635154 69573997 289040233 14247 593438658 62622317 484371637 332448095 471419278 
34781348 425018362 639227134 584471115 633994913 34243719 37220619 70217146 703845943 429720577 
389283246 154507975 491180377 235218280 390057932 3885525 96452199 329257075 230580074 207177133 
251913839 766862999 31125168 166689764 163536991 484894519 19046942 420669388 58720029 386028663 
503176924 345498316 409275277 23453513 28003565 30796043 106148854 336747632 169496803 231749303 
77939710 153859576 178057394 23254219 286391260 73705448 207836897 302269095 97042181 352408871 
14811815 925439397 87459328 430955041 81672226 29617921 64226641 300499447 617974887 616861485 
454773904 346845575 188132276 8877931 181970562 299496191 51238250 506225032 4234663 157855032 
519528429 670134128 839514898 876947256 29657821 822472369 449670571 11914525 712822339 446776640 
235833255 170803443 247568667 166530473 50417391 567573380 24298838 156591939 615136063 62035353 
148258505 682309600 22875968 227933390 165926775 202197876 259902531 23445520 511029946 70150678 
138097945 73339102 383624990 527444141 20481256 196664463 493619843 66887336 442860200 200606598 
9684070 48619350 183776012 275969994 540337317 45398330 314737533 531336322 302264977 390456337 
310914267 200638068 50657507 719357066 384488831 111102119 205453278 242703007 403384176 93321250 
6518747 1311496 348776016 205463084 29903147 641344970 22885705 27447491 350607083 409263828 
387138511 88779026 88526372 116728479 61767065 340033303 550380919 16928389 393406690 354939472 
25956313 501196360 285338778 100182297 55088431 127228872 286277924 853217118 58031548 709417419 
135471661 203843583 379549985 72570058 18800200 357371870 162172130 142647072 508969555 693586473 
1877702 216009739 148656515 141096874 42892309 158938109 47321696 1084772 10711626 94846793 
75632749 475795328 69529748 10746019 496515102 108629538 144889598 404110172 508877388 176045948 
368494582 5123857 669661714 216076901 837117527 314132943 1052457845 412829235 49618766 508551295 
31482565 472680371 96624106 713152409 149074486 59510845 48220120 323351295 43703050 87986796 
309217346 25195259 115942674 44885275 743107195 340871760 136975452 22937526 187859763 353034891 
75495140 241387362 387888152 179650260 396462638 206563171 33075556 332085181 112218131 423585471 
904247124 163312387 66761818 101221198 327739837 6130906 383821954 2009183 118430919 599703685 
39542648 186111752 50944683 535067149 40485481 155710853 26227303 31181281 73004594 433850806 
43001144 436218404 57152133 29805030 253695125 215939507 239684802 543895418 6097696 186580684 
80470038 38977600 291492962 45608504 644498983 59301409 391348824 362845253 138777687 5222269 
504480718 875199028 238191851 310353665 736900974 519270331 38115007 302181513 17813051 142906585 
150321982 74563030 403608806 713976029 8565474 5639419 98178127 112930688 88765729 97066753 
23947440 55197548 152468172 239716305 56037603 740672847 141124823 289617986 408939932 119543993 
384948631 305483203 226552771 448681666 337956830 417084420 668750759 421897576 2379435 743847650 
517424642 449804086 22269460 252066159 410715042 280581619 909379263 626408296 164838292 560055883 
512767550 626210666 124267624 143027786 27697439 439897325 298192338 480039699 176808140 416071213 
657001767 41561286 706592244 51818312 27229707 332600406 572709170 126486708 217228647 44733937 
23648407 199684311 655974226 324042179 58373462 207966120 83236912 386874825 524212320 251545647 
525756029 17034018 330850976 844186367 108733798 330533746 67175631 223972446 27195985 44899510 
554496388 92780999 301710470 463256341 264575728 722324710 714183264 431350381 83266261 395201553 
82190516 40289539 223942515 101410626 9707604 279164774 478579994 74487801 95374034 389930224 
948480949 504868129 199824069 144814052 245628689 269137338 290896078 350259191 11261357 377154444 
56239820 465109188 90431621 194704718 112611366 530714699 239586542 164509988 1643745 233862197 
5203504 175291546 886176143 244750047 53736603 115991184 15126610 625555800 189405680 733627017 
72526889 431666037 65852417 48519052 548308097 2079095 7771002 4534823 328525065 569250392 
13057912 764891810 593570325 742446781 199325629 445584485 913454200 29129293 150998871 671802175 
12555662 133201126 161780504 118890046 24224973 52830164 570633202 132066555 86589088 176485060 
33602800 341570253 395898935 521361152 71878072 56438152 56873177 279329759 139085126 13695866 
54365802 273098715 28552290 679199654 34360206 152527922 202288524 51551887 574619114 850697972 
459874072 138588226 118279886 329316131 41994167 504975848 110817850 30719155 366758633 47982174 
334475969 63741243 320069825 552211 36173969 193237600 155821494 136172 90958594 339391311 
337081775 99258119 191410251 326732788 228099560 526828469 378388896 110505268 218762540 358666678 
399288152 267189786 76743300 216710655 11671670 549836384 265387297 604574991 918578218 344111190 
191055393 165324797 115119668 564068044 124460009 423058731 78297063 323081721 193678882 66275800 
438921904 496787372 127022223 95986680 764719542 476981437 549222502 273202996 237848808 104200422 
109250171 275138094 207933249 774816739 674935563 15038079 364254 45715502 273806122 215005691 
279906010 397821543 134428680 71246519 119751232 20048372 50017937 596982088 775564039 140387418 
122585336 773422924 149404071 974192299 215174166 25700206 8110687 587047926 673790894 400592967 
22490146 362906513 511059902 500318583 412601738 283786053 580683539 815290 1349050 272132918 
186637555 624735674 462561231 132228241 174304018 778845210 849177562 408956887 129393583 34966479 
131563469 393627609 675868903 311453652 28603798 108828929 993303746 143811309 260542353 824541773 
15505456 570359482 20187328 481871598 782491827 243082363 53739659 83129671 197810962 297398370 
154719666 802644443 109495280 686151392 189799553 448694209 4399183 644580004 551933036 801584565 
248069889 414267526 423454825 68331927 106835617 222612309 98157835 350045937 839496 534854753 
110304293 233167359 577235761 237578611 489574868 713455990 445474254 324414890 75733197 23927479 
165963853 35901422 453699782 193375707 187167688 47124862 216894287 280986316 171753432 239351124 
882042191 735778460 127288755 330141579 330256658 275867310 627839552 393404623 73331058 379363603 
46070575 489560212 711017839 803016176 33281944 318971937 574234689 191179253 348186597 18471476 
67221184 49893136 700078774 452970122 114685704 65593756 510328608 14833219 558557546 145842573 
167211131 165614584 133749599 97054507 302076034 35747101 86271884 143187349 265287493 36771873 
15776761 171884622 128240172 19195168 40166818 399837767 66609669 487345889 241107656 542782453 
170662382 562925266 722056017 81283491 552372182 99089069 972270886 119432125 722436064 725514948 
74848306 103350221 16238709 61008361 783945761 225749358 7104282 470038706 184224608 952142 
91351155 26707666 15483079 219287110 39165178 402703652 729587585 22558962 124727398 73279590 
46480331 104470837 242583927 287465446 56897683 95757373 66519188 43010173 272452576 315860511 
17172707 501279575 315926718 66783119 116336651 193671147 827598435 186209552 84705634 809795220 
384345281 255366436 229271301 264024497 112263380 20304152 128803594 353492501 45958308 100208363 
43732329 162113437 1018492851 94359563 316423121 321278842 96860515 232841478 82456027 212211060 
43103894 699977538 13388037 637211229 103772826 370498669 299007787 336963008 539735182 309639830 
258636306 15823234 30411988 539633799 130795775 337222498 663359035 778364132 155742369 262250371 
91461367 352419226 210923160 24321709 356934514 171383071 43030759 153041261 290217000 499172682 
255502396 318902304 445609973 93702121 204056210 568322671 389026903 324667473 51452882 108995777 
96480205 77010815 237027837 236990863 37633423 414882872 231135986 307988411 291084111 247637345 
23024719 20626291 323360459 783353906 119011976 77772905 92901021 887509203 250111543 14467990 
233772712 435646692 493150414 275469018 33470800 119783656 274034949 380565178 342568592 442388511 
419511592 152820346 226537872 502911935 104570763 540407530 304469162 388154724 16499796 451880965 
264227053 760519775 53071263 139140301 210228844 21058972 322139374 466526300 38960207 122472646 
265336175 32484157 379296191 89373783 184729122 52278109 627082642 539572743 82375547 198303331 
178893932 29526914 69850208 136920515 56880340 224294515 60219914 612937946 213731359 475915299 
465183322 206051850 96268145 26503050 745055515 52287032 41631738 163893446 194008512 2152032 
52858133 238607130 433951394 288241714 604161615 215891981 201469712 719672198 86577816 390659352 
13616830 467345741 952054569 22325268 562325363 314169668 460287647 136632826 345301353 751329672 
165487217 2235474 51685981 21907409 697866102 212119690 150944339 275535494 337821649 125637757 
222122289 110667585 103973294 87116765 348000720 324828385 125553290 33961095 582585035 68508809 
137338091 218900077 794274496 242582732 635594453 403984653 180124324 455355544 168978507 34128492 
1042242174 94444562 471522819 117535572 99080185 254089055 530772069 468846878 413826092 234874562 
747735322 534578825 210467443 482982404 201463055 592050405 227794450 403909917 175421122 470743604 
392739698 272467659 45493332 129899792 445801180 197727283 18369143 43606332 236536104 318809204 
40514252 227714164 278213463 6982268 392739008 324743319 122409901 48931925 545319989 495723146 
138805934 18445307 169798969 658148409 383952438 532436025 412320605 374301672 16297253 487354525 
84398455 470143059 823440 121478972 254456411 413626179 127265703 291995987 39608330 721613764 
641413775 1023498506 511528711 73673628 845896159 727233154 42899345 271156541 241194021 275072447 
25842149 369843 188397876 353940207 76255529 463051609 163453751 10112761 322583729 20431583 
218798555 170631234 255339765 246757021 93164949 409319353 631125182 456791688 531635221 357366804 
93403068 447544621 931660617 8867495 116924102 133899697 224143100 477885606 173345485 449533352 
2655231 56596225 218358453 360310860 29883761 9146515 248429375 159883686 384934268 116850534 
12101699 75889430 191635964 67159764 28182544 92893375 8783807 528312390 100264923 178429038 
632164725 61857694 75468989 115816055 709201295 93430567 107746018 100758270 159533466 776526891 
375555107 137775644 226163299 131324285 324307037 39805766 706484824 99775692 33295320 36327117 
306094552 27388468 539454352 200956243 345357720 281911238 219057473 56484973 17434969 47604408 
588212685 497433255 17339420 68543354 243577142 51445771 125860498 247915709 43889282 6778656 
545765806 574415365 111257621 630705567 117950306 15907869 434060227 362160055 139556931 752692531 
712238732 269127770 64263550 21245266 118185900 878655893 415699127 776704241 4299583 25959514 
91737236 265093424 20002843 669489532 282901150 170151199 695850148 7106841 303719124 185467884 
297127782 211658605 263649505 330294591 38502197 400642508 759181731 329731551 809308310 787957400 
626056759 5150618 308174098 9352899 222391727 877506357 289185417 42625066 627585564 104043270 
101692256 670877815 683440689 463627434 127329461 288241225 166032324 60574612 237100532 301028733 
14150392 82141680 34415310 44460083 433814055 23223216 82761714 472561583 187138055 250997471 
241585143 122694691 770037477 161124897 699725 605673205 184846363 112821512 3263717 14043938 
29896719 886386831 466093897 823240352 130954286 178188973 64244181 498941216 126933531 473013308 
459592450 988953967 160453806 783050592 245961676 13598852 163971898 330372278 110184956 259512033 
137749075 31601697 44010898 31944903 11715845 111118589 123419522 311962263 936267070 186490559 
292244989 278297165 244186225 79066412 210931752 435362839 596406905 189825500 8178619 166421512 
318181203 29780644 249558119 712536950 92496118 374740012 107256675 200147686 446579319 616290012 
22027901 440595358 445903017 3716220 12881891 99934264 41448386 51273408 35024373 48882773 
371825893 502790711 2429764 652975471 392258277 60620852 391891972 2174670 93884124 26123348 
287429282 215662784 9010257 571023391 771950147 321171267 209490028 236277219 596722549 13746949 
45117103 268497758 79483078 460630448 26613614 662820108 564743286 363649577 655346992 196572936 
378757745 240863254 61254911 264765128 252337189 679580926 19640004 68193977 626886240 135496853 
137959017 37751793 10038462 195510972 126087082 778182658 792223810 182277334 535732193 413883461 
138847546 29385760 130462262 338919443 67103498 302713116 69264998 820076078 77539032 281537871 
292901719 64127415 75116471 42742755 79343438 10303106 235633615 228754371 23213188 552664518 
54712884 662680681 674531756 244135626 280062949 47957925 590032971 21106955 3081826 173768847 
524763104 192308041 33237535 406373991 609790213 239830468 141350796 499923588 205997935 4187703 
355553070 115571387 141380010 14518288 110677124 100260991 108256250 219043266 193228415 85002181 
178052957 888709569 581248830 147764071 99257987 416855751 467450104 46834391 162930357 159215181 
839853324 899838097 598337992 220321356 272573983 121059080 172162178 298139904 107354919 307284582 
101891440 348070418 368609187 936799374 16418815 347876049 7010409 142202853 196559141 587030148 
136127226 44701328 113101719 218258941 7277830 265876561 365146922 67058510 95252638 1749686 
712988097 24240594 204146170 26047745 260163027 192154551 15189442 141592394 159412176 13685638 
585899328 340968068 198528511 170235827 354956124 380391842 621372800 1527561 276328931 139764972 
5460557 788756686 118527421 37503545 28237171 78034520 98306941 365816884 170513475 183754061 
408763871 64677052 117209794 59881671 405242786 139908816 47357308 125397232 253394941 419970568 
350543708 2106273 771014173 472445991 426125253 424535994 469855473 369386646 139749165 50733475 
181892995 479259491 309862469 91351928 42151747 120230760 74003640 699775991 136429154 185869052 
265862446 828817145 284258544 200793869 43768393 204931457 20608415 528200 301512796 329061408 
177287169 39876186 853030255 301634875 162692784 268027246 589224225 45389941 217300683 20137732 
377079 324450712 577030895 171303122 55596189 633399420 264669314 56732447 49588407 92773847 
209603110 149658179 1883421 194227102 12680216 39186114 920478287 90891359 138072121 153244321 
898006692 58167654 369713071 115376241 213345310 265577945 622060947 103749669 598371660 21293335 
61305229 265876060 25078134 105429075 107453935 701240010 190617776 162170203 730995547 145908782 
55039602 237660960 285797484 35437228 108691639 425212425 308889635 15173540 50964008 191201074 
413035989 6866278 62318707 211160958 16955540 31997033 29529728 101082393 201507089 159096546 
346551572 17962522 76384842 72990144 179905314 159257036 57140706 217330760 902451091 30056451 
205031890 15558571 35086829 18358303 4918739 98668701 54249024 463558094 692896326 506325289 
558934818 438096258 349948279 58089302 141227372 158005643 123963855 189548813 478189619 63650683 
124431115 158319678 258548265 417730846 227468432 654095294 138798731 130947331 494641111 152990036 
442818277 190123327 264000266 216792003 258321361 31535598 32271233 75659030 356908161 202332400 
231119037 534594135 294974213 47568415 92113760 114034247 321317012 291487591 343827218 14353407 
138145830 266990220 145443029 102157472 393119271 462198115 24512372 163818671 61570420 231830837 
389833137 269587466 57526044 566675922 649161734 226261975 195328663 910465129 488087964 610358844 
620829568 445825703 20335693 1133536 1822712 6127206 156316707 576934681 166812399 29104234 
53272000 12216824 936401905 14238917 464478289 71242049 860240603 7769989 230637609 127224091 
410756099 98325900 122759389 399839812 123197589 9220005 71930655 255801381 532229506 47348882 
25033396 241060002 188475156 89280341 160879133 264515437 155477985 46818123 289832128 147250584 
21608569 16507036 205993745 509460808 12821113 9343240 203171034 816092056 314795542 632332754 
8813219 1977341 182800534 266709278 27990726 473707351 16658273 122713145 338358009 34450550 
212754341 119850177 40781331 331513446 797646688 571508288 246604013 805286705 29600664 312101129 
705084403 24535967 29306657 865419381 130144921 45111370 190552327 578333888 555687693 60714362 
107411219 195129224 235500018 494700526 7404883 378831179 91774652 561276437 490356306 68614721 
226650379 186463513 586321530 9229539 538692716 9599313 6519537 163224375 695088877 898270317 
2632606 669897844 473729103 38739927 4301215 244357000 149410475 720748387 10184218 378061262 
326009302 175709952 10105080 104490661 240286165 27887952 592071000 189545347 279314131 620135155 
20493047 244549959 225184020 200146047 660976503 198965095 352641932 511425170 326136684 176431124 
485672295 744962812 330196052 370969850 227197299 583561650 12355408 29648425 162272894 22149356 
87404949 496500674 867857 633360391 13050026 799791067 399142303 61494003 32610538 356512030 
315027076 411198280 571009813 176615869 643118682 547125518 711151460 835063635 614982318 45125865 
220578598 68222332 616074046 107458528 31312530 9512250 485938795 387562891 59029274 77231043 
105184565 164401445 30536541 108790223 124483483 25840657 89409948 144148076 886404602 69029288 
149681920 224943600 13952709 733759758 185734649 197166601 216457291 15289704 14032044 192843477 
55504165 3193668 147630880 94915944 322577125 7452560 165635517 15590935 629473731 197658128 
309756431 307976884 497043674 2397472 72898628 140598772 709366514 299966683 520083 10087460 
324633813 274647607 79963941 368559815 14573314 295224871 417688961 42734211 4597543 109968612 
17305856 35038275 17970858 27822398 737571267 762902593 84768640 523519018 2135119 254269216 
133154210 2161090 257819983 752559777 323001273 247907346 383854457 92727418 125702304 325398189 
264121451 11603310 650283365 387256320 208629198 212647289 315404829 791519968 221856164 298955711 
211300776 122996190 275862412 40859233 401387640 448634931 240147538 582501671 675766228 8797745 
498915219 58167767 50196241 775276679 346265352 348886456 92954090 229998165 180370129 38521726 
1009545597 104949213 474428703 363688017 95109378 247520029 301018975 353847137 46913473 1178118 
204035584 109135643 947828635 67435880 101304134 93484879 214605421 738017109 216455858 241878574 
184097396 798374655 1047138792 643972717 424523122 1006671170 954255494 368108275 226226718 424974057 
133270968 15685203 44141562 157569984 174730508 399047196 241565124 158339131 818938287 626965853 
782864884 101103619 464873573 192750704 560607754 550996092 112712087 524043169 52042238 54425804 
57656702 517374027 63689349 280975547 462368202 536887528 310188909 527224042 350419068 153217894 
28393807 162252553 390483650 165538131 637120358 359887341 280875941 349616690 149894327 18137288 
68888415 105991843 339037630 339413908 82872235 350355855 241046073 994069520 109303596 91796146 
21884910 209058827 663810467 24756988 3231822 56058966 73255468 144442830 247662358 91729237 
152442647 15330088 285794232 932555781 951540 43821331 199631981 46671658 322671312 156965666 
160488963 118123558 140408700 495462147 21370276 619339345 581369840 382420145 237054934 611234875 
76588518 162417687 130202470 240164283 31635751 23495504 512256159 95476607 53006138 502795084 
188979628 121277115 546671569 297005747 244941291 224826243 559718762 230859072 936090 1657238 
599959159 25620101 808986013 433320905 207778591 243935778 95326617 321182060 436871865 114718625 
435261802 701739787 705240238 445719624 560360669 119338676 171059576 85215267 35627845 494322201 
12472731 403465409 2783873 41280867 320056302 187508090 114237444 193566327 81118839 413284861 
269943126 139724503 429106768 937581 30576719 129120239 491176154 159488542 589483587 282605084 
24413184 287175439 119888696 23676099 86878524 273275603 66957468 389611516 273404659 6568717 
194774541 11585828 229023196 101809672 154914048 72136621 675713210 239800649 175089164 135730271 
569018306 639163200 443175673 205695121 278286109 172057534 434528125 769689492 20644125 50966856 
75581289 287450058 430938779 49697023 665562614 99290868 73500097 270837681 10413933 465314502 
141034796 542731990 246342535 14926759 677454 119671820 1845479 156963458 594820864 300522743 
18092645 29859988 155868973 34092664 45222404 98197205 204407134 70415233 14077743 269286329 
43235978 160661540 135987817 139916058 73360649 590122162 264883711 96116870 717161869 27155408 
238786552 28589939 355298972 331285846 536476020 3050104 33440988 66336274 255439607 111938681 
42946183 57043329 8576101 565072968 322712652 79372736 134374603 12296094 793702000 93626380 
465082571 275700936 578144515 283208922 279007960 514149037 199275234 370154166 619680606 194074795 
319264282 100157753 852130521 534867317 169010287 403066977 3284570 196935597 380607678 171588714 
299233941 823199318 272528257 952485876 211546800 377857314 9567347 130773142 393763839 89736373 
288072516 492149 162790094 833153411 36392680 39062056 126431107 219372108 71034655 167098614 
167406892 365217248 765590586 165585703 912871069 239037095 337688695 202179813 136220765 178349834 
175956471 4615627 427907389 89768033 370714094 361221381 170370836 485685660 147964075 162751146 
321863970 778783237 512961979 30866584 106425498 421432885 256896825 122988789 168876838 77815427 
361441050 203960638 88955620 302931285 163439734 481500652 177628326 202360573 471538514 666567563 
154160303 166819009 13376798 122744099 4057341 35762524 76676763 16817520 254105621 23094660 
416460300 7053603 288278773 23017224 549931234 344863765 109334050 655475820 330386374 14436479 
85967600 248174539 305320853 49700603 591380641 18328925 29979761 52560859 21751405 288898901 
446410322 43238917 72663622 457694395 18706127 440436542 711958210 342759450 103953298 396133824 
365075960 182557326 586881103 190333892 100578004 95269215 226664651 107561422 453136170 18745820 
330933491 223026460 41970808 409667523 610262261 179422053 3070494 70402000 343374589 146582479 
420305866 191149999 482048750 110514468 33562555 610007774 839648291 44673520 400859142 7835345 
668302441 412066891 255031873 262404597 292298394 199744722 137069256 758511504 263084178 199089034 
185121757 206476728 466504923 39592554 348398434 223730366 211558610 114075227 366695724 95384719 
17467372 210183936 646541459 561640724 121525119 47892863 321367309 36186237 110487130 339088375 
376667264 247651617 138108528 73511085 411221118 14825609 696853473 777402223 164564600 623430009 
352355145 18251418 553382 28310499 153017419 577540524 480384693 119533087 626025163 345615226 
20774032 209584203 385381310 463442775 598723867 937760253 259365849 34171305 191664292 305087700 
1047708687 216097134 85604078 757038853 92943728 36125513 791662952 145196946 161318579 374493211 
77358038 464730057 74875895 440009207 227813096 83023904 254140699 562504144 417199382 14387014 
328420183 670589572 2826103 180083247 271980498 199717355 48899494 170638598 508442820 88900708 
9490826 132596372 277766071 184630987 421352237 248244140 508906202 26628638 245797204 93442787 
122752091 140388710 256585451 151302167 160783366 313594986 427760875 130221803 34229183 191381635 
97825965 659958672 445360941 184744677 158903921 276128372 83947886 699280922 245169089 61982291 
617343404 69175952 277630131 67446423 78436603 223170436 709880745 519170301 143288017 700160439 
884034790 215474516 236220851 131840758 137371528 481661175 19493124 25937862 313221286 62903100 
383653256 178605502 524642668 734164003 501628243 551683631 72774660 460878472 290277498 705014328 
182118799 31926235 49902081 379095499 25940148 197232243 2682600 19178307 453001047 81095453 
32209984 2261958 20396221 200853033 19043598 11209100 507624961 240880518 460256164 105004895 
50566243 40474098 107436713 108453327 19294618 286205766 358585776 97910654 91334303 283664839 
84791925 188156028 4425791 469720862 94900594 409791236 447977575 136225318 265826329 115258064 
81332033 197546972 136399094 18239920 807037351 102438817 18224006 209245104 74375599 56565266 
577351797 23056650 171274150 322238655 485127003 102969046 175216680 64805337 64360019 466542320 
94657222 3448040 289526274 115472299 848707724 862156250 409634158 442310937 233027280 383798885 
8292753 19549845 590168650 158088003 195385938 240489786 296812499 158381074 1001398 641356633 
36140000 422662330 215039043 36347097 312746627 203809875 89544487 153308383 650535117 299213274 
38713721 106671289 442476664 716030841 15587683 35714077 407250437 553682292 273443490 515460187 
669152480 547371526 151245282 90497000 582675290 28497593 5245845 686965950 216898383 7309845 
473936029 26564821 47734021 110818974 600370635 309090743 538532326 70106970 108158396 1960939 
123079436 288860536 268413440 514180508 693945004 15958115 615947624 568197448 250984797 97143739 
115603412 7240484 3891989 101125639 605687166 66857351 147310952 821563 18626465 115887233 
186822647 125364384 6379708 53917170 293849711 436551237 782084961 19807583 15299158 10385726 
106568807 57167276 104859797 95083157 392844035 90593412 98734906 157991113 625240222 50576286 
126392597 443018672 5550177 828407784 83472299 458950081 603488217 200216634 200254075 229674 
761572849 218541911 188647311 106749821 233421311 58012099 68988736 746665886 39108916 154992422 
135385388 286272093 500716730 5941655 274487323 153121585 239079167 678491223 18662929 594150066 
416924933 81160917 489871865 479362259 176856699 301184683 287371322 626512651 16001680 537536969 
459390912 579895776 108025467 81901666 63545456 82329515 338499602 54189195 194771376 61572420 
68570160 277064291 486045805 23074959 528141891 156213463 250345181 69319934 166824780 39442139 
330220972 562036859 16835625 142959165 213995929 13924977 509523585 72586037 93309694 1726398 
204449787 563608281 37828099 323902444 379992556 755349300 259625294 329042097 584328890 94686669 
271328405 6159091 96920345 283052895 146720696 488837582 539526516 284365496 519898796 177587695 
347225320 5056234 132996782 170440085 62530754 56377321 153321152 9494279 235421466 660584286 
457888684 77239406 15674273 22160221 589055498 521349330 129907737 161468863 77415029 520733050 
769764684 676376146 771572213 839048992 424384753 3417685 79637149 26413693 174943063 258070594 
360467563 282399469 576282554 680693307 867255096 84721869 19071661 477823641 559776404 96974082 
24892471 589716076 47776371 216994815 444664181 322815406 307715674 259552613 18891613 272252952 
127894872 62373788 276957772 803656 42886073 37435035 34603365 405129489 4177609 160062473 
75169517 286247919 450954397 291329296 104950446 146708615 832801772 709639448 385465756 349230728 
574974010 517534369 286123530 20931085 77537416 273804536 38851667 34746208 923084221 905304902 
296391588 700573393 539680121 210955329 603820473 324785088 292957695 46934217 125347860 28008005 
79300590 80138861 197553755 59986453 21964857 119650543 4512416 28727806 303936797 245535366 
851011897 576381988 92599790 125959721 170459008 146991422 233462818 435353346 251533066 483452103 
437755585 745542274 8254113 469446715 166710735 249065429 145746967 130855629 98990432 156130359 
655886562 5349960 112916189 755178442 52164895 288167716 574093596 11240790 403489074 386726974 
378057216 8293287 248432773 287786064 208757692 99962883 381586270 44693645 473267509 19494245 
1595856 671395470 33081128 454688036 58447758 54901712 573404975 595175835 24875346 505448805 
153458736 445450401 183432579 715923166 498312170 354684692 707076362 299876256 573060169 114005083 
885580659 666429843 927794571 30427329 44827207 158421040 106881864 261161542 238077353 973988171 
105429629 308788523 345535239 63632441 384827590 447409192 267574706 33930176 430498753 622415317 
278963825 525631679 150372032 358750936 3268647 342605147 449240985 127594981 10487218 465088362 
361950441 242096240 24746061 155435534 115738228 27180605 230801158 71866008 299929872 135199744 
191183447 160874109 357533464 34295202 603323916 57835391 426782823 34451765 193347116 784732894 
253443276 468462605 31231807 170422872 44783204 254253316 74077663 382622399 66282385 280025041 
68920095 12021287 773078388 471456245 245993171 600728100 18685743 374170050 303560845 94144150 
297622647 13727634 815103727 25682435 366472957 262355456 8714795 503849270 66012248 562818308 
98765780 361747523 890391727 211261479 167368893 648239697 43983450 107386360 24362086 15282644 
71431488 107199307 370375404 29680046 357292726 71750176 6885427 280776682 9895015 250048519 
269093059 1989781 320577325 9033719 116941451 359405311 119399236 23497030 239060558 313654894 
87003614 527360188 131567226 101425968 39207741 648574234 482125878 183138928 14975692 184304006 
579113879 330183893 389229664 20618235 34840268 140612396 168748966 451281417 344609833 192586424 
568739257 276904702 214246721 371681278 14993734 372785130 523127227 15416837 23250074 160134525 
339762674 948783606 282449895 179348562 38046951 30455224 168355797 97542352 23844298 30722909 
129795235 518044097 86337911 417494118 238061819 362277568 426559028 65006249 11490685 120190786 
23428781 258338104 281861559 177411551 305131391 379239401 94316750 283848295 299253653 131697466 
203290598 702060854 9008915 465749305 149122949 12350231 23662126 491197403 5551107 484751628 
90143649 120926879 215208919 146998508 785787176 339944082 910172384 142621516 34571656 93975302 
361415787 9229177 588339674 96082547 789471481 173031205 431960280 267315511 645401557 196715758 
767072632 245183067 303683959 554018850 115869978 82269439 192660799 3193118 1013414 180380938 
168137339 526755433 159863076 376637540 612338575 28734410 119925473 142011225 195790532 126876991 
341607208 141790039 90740316 40092956 65363561 569904559 523994587 13930892 389488122 804610944 
692293107 324856027 219124493 529942502 808704605 302860945 647160651 81608505 413213966 142708817 
13677238 93892563 77439549 170613945 475430485 592129358 108809189 318495876 29640630 12602426 
36960142 222383190 18859434 418966536 20518025 226315652 453218232 85100168 278230267 545566027 
133962945 591426690 60223406 299919788 367085465 64695800 757063688 92433691 132490581 161659409 
557459226 151486596 828861120 72759302 296331654 764285755 416042221 16007548 67327105 219348267 
17175482 159280017 29854299 177620938 70192421 373493653 228893253 486277666 56808779 769700206 
627484511 88307613 172566878 121559426 255668926 40222553 703160136 214764150 272356236 517978679 
270619078 5276217 42741768 63606408 30705754 327332717 71053251 32586903 150841982 656160368 
131734186 71371210 380442739 34598229 298014797 572455091 270620868 458261031 323586528 33656432 
219163794 102794212 46697478 95161625 21884385 87251862 384614069 360536540 81674219 214444418 
303135586 1274654 35673489 52260246 35630914 429359866 550641805 21461404 37553427 83077720 
9983017 155527836 5381901 205290964 684509675 139501841 31870051 157239714 856632602 61344619 
110508239 119994530 20953059 141648801 2511384 8824286 172939562 33994387 125586531 136553645 
272739275 618112394 26497884 425479611 336167949 48570648 14977742 204652806 274295403 141911747 
633871391 149927465 87448937 143843109 328182808 80607729 21240732 9036698 606291275 14649905 
328330862 38328404 192683690 56008809 514360077 26869582 24390575 164131594 554742409 210301409 
77305687 51700742 769337366 154993298 646069078 121128985 273732988 31798465 291695738 433403345 
175587990 743707776 197406977 754026059 586425778 38312864 421561 35647671 345552552 770877540 
44876269 143145499 64967534 163840238 580695514 443819493 279906535 99090602 839843967 118961682 
395760766 272158498 607673610 420381757 48908641 212787282 527793986 574523872 122498389 193420743 
744680313 12396366 43364592 69815100 14846673 611816677 213836055 956232 671787665 417501604 
222847299 78170545 314903686 178876282 35234 358322717 839295786 653430543 1395726 379796832 
469554496 628561200 585334836 77917303 509139068 2879157 829439050 33864940 305061522 281363095 
548359678 40230366 732702254 178784703 130090667 266548819 15132639 137415412 563562437 322506784 
512901140 347807194 228982165 251381666 950706894 37070875 526050349 362410086 369060011 373759016 
294634744 48705272 23347059 437695243 451022229 385309569 44719245 685272374 74314795 304220140 
62317404 255047235 6675235 26446351 257930991 89940882 429978644 77670332 61091366 900480 
631962769 1054640 533131846 81994639 413316041 61779025 368403581 12834647 86663584 31001936 
155100022 238773785 348449612 876159085 269694786 94108805 11454925 309895516 40716806 264850682 
638663379 24185825 102285345 350017145 659224409 864475369 267118298 42493860 271345585 668176520 
845249114 24383396 354421908 78615736 429223393 603418713 511147289 203871169 51534331 72853888 
45382579 155555651 163243717 513668782 9942171 276016064 31275481 503398003 131995835 157911708 
414812252 703428649 4518078 255093687 764763357 250639054 144355896 71955690 475124519 101994336 
353582961 124628311 445415649 219313560 280420939 59851816 411240091 61194443 118616992 643847950 
537139599 247508263 440875392 526504078 174014948 247251922 979831840 285468815 37839174 8029312 
468702221 456177386 337166702 286499020 735507932 344116353 607717104 927672248 275069534 57658421 
437978223 188165285 140325117 277873879 258427233 354937905 243892348 32823998 12895273 125193204 
47977753 456627029 76517623 81675336 531483065 169228565 167730797 199482189 438165143 2757104 
462506946 109067914 282992921 347868232 165948390 346263367 362177552 85352519 310641076 482182300 
320085449 177798889 855343208 1021459687 107006141 665520324 95249772 54206888 660711150 14361673 
282116579 80981054 131690127 18793268 46627838 479710160 495898502 94610140 374629468 79164152 
637051568 659987208 465046335 282354719 178903645 46456508 117208977 25559424 109841150 443158471 
32599622 124046379 156650293 122697030 29299817 995742932 263572695 96490304 501232561 181883708 
55382942 429421077 869766458 30652322 32874727 142556994 248762280 553546859 108177791 70201593 
127177078 67846438 219158135 295989629 197893975 353388747 136179324 396957016 434455692 261190625 
532345807 186879234 576275155 859673359 321453404 592535990 125956460 343064291 432447987 455399286 
420105682 85791852 442308074 1014670335 336996671 444222184 179468853 49607183 62944748 508182792 
281752392 142168856 214051804 21658583 27448075 157228098 54271463 328663523 507794884 144625681 
605213738 377484611 14453464 173897084 5589212 63289967 277757986 725825017 694260272 40695259 
4790940 111365150 474577725 424134235 277615849 205144 68690355 21552095 83776917 669090300 
51999437 72053571 377014648 71506981 996695151 527642251 5395453 420462079 5706606 93592439 
721987215 208294269 548411728 20153302 250878942 16340581 511281892 157303046 390452915 132234737 
13803658 539480043 536646643 238366394 78368598 142740162 1161059 450784021 641771403 456128589 
100554641 150057653 636897535 329571144 424986660 607143333 50102374 229292638 38008326 558616963 
581633511 608070486 15759399 377071066 188695843 119578471 324259990 228678877 269317504 289405198 
119393334 235235598 41166740 97655902 767844046 673433222 35616524 136989837 190246019 172127253 
147375021 41786320 404377807 241720907 580647743 549676545 131785449 153760719 203807862 33671911 
8662293 143845206 26471309 372602009 133353711 9939650 299270078 87123415 40751575 230343746 
524350517 71680670 163193617 553139855 76946401 281293687 586763912 167086267 13717957 196631001 
79799760 470297333 40934031 319706040 93102950 61288227 32229035 24513118 520244100 52299417 
231243515 59235821 406149583 68678363 296632247 19209187 28574815 9837170 135074369 58847088 
77008527 106921828 716841136 535822160 47797183 375040118 963885583 171109825 872070811 169814124 
139037233 240478471 423437039 396263242 727264660 144687952 170733615 412258316 482579006 862788409 
526761146 38612407 568829673 654842532 596270960 83027717 756047746 54675562 5716335 6209953 
190805517 146899428 593878132 121590923 9524716 59937619 298328677 36031388 804523782 153364463 
257890101 308376113 255142261 127628888 602263350 63876277 62005559 725416826 473261027 78088265 
410500849 26554921 1487676 68021482 442754222 503974285 122499477 131639438 3269912 213229338 
605261752 187570665 171870886 226192696 10551567 507251335 842582739 146473196 66987558 138331824 
156796218 5744848 83640175 95878568 535004654 287671750 109288467 14039473 37574256 131627258 
86982878 13794139 227246774 124567082 160591584 657806212 144889286 192411062 398224260 146436129 
612929427 858728381 170365624 833295713 607989201 155630573 407055447 207032735 10852531 166935009 
23379035 58129432 171502141 133900000 801501913 271434465 302798492 891361540 52180260 104547499 
23076963 4264092 695612993 651736567 175382102 263177058 175711898 816462529 334814324 117211615 
576757613 362183593 252278531 20189287 531141472 276304261 176993403 776155228 61879113 93893579 
694182701 239010459 133308803 272801221 367322134 3063274 696842829 798303058 492821002 12506755 
53296574 64682995 239558586 93994899 53759435 326375695 84368577 86857446 285661638 85289159 
748846066 407656747 366959554 37309374 467000048 38381883 496844783 162253455 315166243 594685786 
350093104 2782427 272888704 899498976 240406460 43660063 410424700 7464328 62929216 2878995 
49306411 687199788 448120844 121430837 476529430 407595916 13338358 457882549 84880712 262052445 
16982110 260247401 330517074 678691307 65039081 107285597 193937938 290033605 46021506 107208063 
346829640 322413303 516303649 110358051 420839728 788960128 427117624 575649193 608595169 98468735 
447088346 193458208 220099739 9381954 14672984 125116804 36084764 428377243 17141801 185146884 
629557058 55776759 375529790 131878023 563419414 59905525 430745831 32338648 505682448 2761425 
93140249 197298039 156161212 17356412 204516757 359506405 65844379 32673585 364170478 671319228 
573657668 302909639 46243451 595215595 436239065 311709990 611414927 350945346 43987266 157108831 
326976640 166840260 263532058 182201567 104157408 7062452 3754066 217514165 234847057 838903799 
213043789 6064011 190744353 236242753 21693214 106882207 433877101 355780928 133314606 276042928 
97106099 475718003 58019501 268086107 83085555 267381682 439777160 118495807 621033187 75307071 
202327078 36269589 878119991 543089447 207397478 50083722 199022544 161942890 79727484 316318009 
392314709 409712205 212373080 134980257 514062983 17003011 47334927 305430918 283012589 388683058 
21512579 277376738 455738834 48868454 258882881 175032497 464535955 118440354 622626282 39056809 
867216199 24400221 235112290 390888741 392035019 658567286 389459938 661847320 1341261 199608803 
453941468 53719734 40472959 535727931 513326332 352536858 51660719 87867218 507262847 80510017 
243893522 35827198 264424653 422945906 111274899 308800135 47463098 633505971 399729176 276608072 
12323495 415443828 253475998 781463898 500491522 73235717 279763985 707210002 45420755 1056404032 
49384377 297101173 235551375 52176630 721716404 139517721 108735159 98937796 151090184 157076962 
301384751 100821350 521947426 34771103 245670105 19663294 105473845 171484454 200703500 158682121 
215300287 140646123 431351713 56307592 156604995 55355251 922230548 258586618 496581252 454403472 
154081148 2006345 63128472 367087073 568920181 678393765 181207226 502828847 81643292 987700726 
715470169 352493354 72914525 303115049 310652774 217495314 788882112 59411691 357619106 214265548 
637682608 514671758 43236251 439600778 55672263 94176576 455650807 564987561 30476746 40702577 
172141270 68868356 206902702 124329046 448327259 336711153 98103130 122839618 404226901 139335769 
262893092 464712839 179424633 238099958 73457029 503034417 216013575 107632787 242756792 534160452 
5842456 213291074 363919419 394557733 875793689 533712271 169894823 566843705 465049545 269870142 
58093831 223325297 51884683 141004850 186942057 162527767 176877057 336983205 249882605 78973115 
15933352 373749001 401905819 329009724 11012122 109834017 491908308 104453900 64022845 386820574 
469634802 214639448 262921494 708459941 850298335 38905306 513304172 412694614 57766406 211580183 
658357013 48163295 56551223 354564466 1546070 208677 427187325 205056325 141234983 203436541 
708251718 466882174 267113223 170289034 262157810 54618345 61389334 31124892 13874714 190862293 
20575959 175193390 249922295 336813278 432039523 518552411 463485246 211984817 78456003 62591291 
134973151 148708874 315328471 430523733 242913051 691424830 371436506 613026204 101761977 142378657 
72664964 54370144 239555441 64672243 5276771 55695196 518819428 100813718 711217868 657337067 
1477901 182839598 522894029 652962847 332770695 464821416 209920120 386193545 198260742 82398803 
355743316 289149316 59441149 268177272 122625034 238117687 16769833 8380015 337031139 876829142 
579320867 682565152 473786677 105018171 256025404 98212982 84785518 713245878 431231702 49820327 
193326541 119787663 404891536 295185932 406605767 320440078 679395291 345101204 204931420 359040901 
201783304 687134344 122871527 796665897 544280721 67042962 53225026 52585124 40329246 562033483 
136026985 12785970 30610918 67976964 377054655 303692672 11561369 504842893 3766050 143371192 
16907977 16848497 56037330 44392178 564455081 161894295 830459801 70789727 399357769 430584758 
785776819 324135446 33688910 234759935 7233873 279981200 28474872 60553461 557458520 415621814 
275888383 56585681 253400533 218165415 260125165 48295969 322160060 54637637 595112543 847206179 
94020146 421321195 262598142 88012021 174865097 276859213 40892965 14754465 114118914 568078729 
100615453 291449117 396994406 323500997 233326427 276639989 462150 201272224 50485269 138999036 
5662059 73084696 392032763 339808577 89565042 251789931 824035314 477985139 2926114 564000566 
436385785 25762967 845727812 49115076 239797847 459917533 43305487 323712412 217176002 114878524 
225802242 558066442 761840658 815254032 408982883 192219616 163454710 12937640 279504939 219641780 
227386498 564962258 585549586 1862528 49494964 236698782 196277510 209523116 1114569 330996943 
904903281 495709336 37813424 126143702 66674489 301025823 512135025 244140688 362210824 56027793 
244319944 369682861 442612174 628845609 110779772 157193883 376400007 242469519 14039067 202864658 
684820389 256988788 68335067 60784391 116635994 380675524 113522356 590244571 192042211 209121080 
443356919 554367381 500067919 346995173 116731084 109011835 73305041 80768474 295853358 433653711 
36889183 13513739 74139078 405747692 134076882 140695790 34901993 527361278 340585310 57723375 
491155425 289800740 16270649 2121480 605921584 267148368 261024305 10131861 12195282 162149514 
394346424 166340564 349615985 172668812 112005748 132043947 154690889 751228556 250630289 165392630 
46325556 56422550 96071416 311400666 39898395 796674128 108199992 33477103 62066193 132519693 
32957691 233185963 128509577 153014077 201562729 259115769 160198526 506115822 38281092 189181712 
34798515 10986847 11110227 383319286 430788736 15975404 55961920 168183466 712739515 117082022 
97562554 87772676 593497611 384174877 442091469 251013102 24444051 63017900 94736427 434163665 
87802966 316688216 72233324 117595461 880568934 6859149 174179112 366398258 24648904 590328125 
663536469 754529960 18724654 7409767 435905286 146418583 477260487 840857957 230865169 64302356 
672506659 464428893 92295135 828530651 10738042 3659836 130331274 43857736 146540541 475373244 
10907368 174041197 524408371 424975441 756653539 171706614 39526046 143279715 107895360 17377514 
265856624 54192217 287532684 254868353 95946101 73149564 211082413 285433032 781954883 210946212 
180862439 8210518 230029127 24232327 221222003 680978577 65971781 236273622 410345391 22269226 
538823062 229160587 14956112 189256473 74265998 44067472 148148267 331460595 197931365 147934222 
36624761 66203856 111752017 26255873 162377444 131051519 85469049 260696812 629684239 262446817 
25485181 188544545 56849277 47661250 3313064 925509839 14363448 147536805 96865536 300599027 
345919746 417291786 91295199 217535765 92317996 511530141 23410999 95324792 13275698 545842060 
237584130 506192212 562865396 95278874 611832654 74857792 154495148 309672075 118660000 167655968 
484972919 151082774 101002223 711939132 209495545 160104599 76231240 468240769 462015618 609293941 
267742875 81275785 201702927 468215601 179517560 922353996 300052518 32735789 124917864 47163800 
19681901 99475631 733618476 455822754 279376980 68918116 504388493 333860049 660308373 855469410 
315158736 164985317 425192743 74936317 340473118 61470018 251298200 190576828 321456093 311364329 
194461309 349631148 59705443 15891352 148129534 151030379 88462643 426495485 135526758 479125586 
270323707 372774189 77085806 76825846 162911236 9279311 527464549 81732334 461129062 156272463 
400977028 89875809 221689886 135901761 55299515 618704975 11495154 28171418 260254331 18344445 
50502078 3872412 100147734 51579068 151693991 335033208 201205772 44668548 49636053 106349180 
438266754 5167660 325806397 282612667 22659173 54638877 78420711 309401665 133007473 82163958 
73588405 255248641 563028463 270671304 24408428 356665682 134538285 251869338 450403371 351578950 
485726463 134444138 308843055 141158580 471891963 193649231 678677094 454225347 354321977 242876998 
7213913 455782100 386892628 231521632 501042833 308799385 114657789 165545082 7926821 238929751 
417683194 357613973 481276454 168974062 461673536 498405215 1078582 718867404 99322036 6721019 
88641636 56634375 414690244 420502852 14324129 19570957 139184861 351396389 58675785 273610492 
73323024 175136190 730852544 703617494 186056680 34050689 116634249 13353921 25762478 62753712 
74998420 47999777 35806134 100986110 27698173 403295042 940101357 4456940 163779125 70870572 
86746642 560551460 208938252 56481679 103392617 66563193 716046499 127052440 656241749 1014381066 
428445906 28694296 199985295 260732169 277375475 184997044 21447706 57913751 102372267 671574937 
454663778 17490111 424212602 222218466 12036178 110332619 644056248 97722088 46541551 314880353 
300487881 412769109 5494721 546788997 76838797 431172031 12526013 53632166 7737871 636966981 
4651619 131691964 949488541 72278801 347674688 563682761 25479884 361101328 80255946 266655144 
175744282 413287353 45246269 664596504 55301961 655347199 327737794 207593528 116305410 580903277 
94790961 987016282 8006995 67651655 295406134 185132762 120920093 418686310 922851 544083676 
559938232 67938690 344976158 505045908 9513016 459691015 35464362 158633109 26803457 55560476 
216195564 579703959 52755134 272003506 849342631 258585349 786068892 239962417 24031622 34189657 
191207427 18055636 92118766 236340202 486231647 609535489 281311467 3772931 47370840 297294481 
794023611 474174484 66151181 118131215 82255234 1030345022 82141424 72521774 52884709 218094471 
581832628 691038583 498458494 78498104 19102048 80615924 98508346 195107570 196264527 112351552 
25163895 42856962 679024115 624100381 179384560 137480321 279690132 337106040 515998076 5196250 
21071216 200044224 399738903 671517831 138487140 194172973 191773461 47883317 498444487 185352007 
127738003 22965583 123404021 145486384 323686993 34580272 635590727 204595183 517406444 380855226 
363510010 97978936 652019741 165148287 376967055 443633945 77453916 135065054 99395251 53589187 
285351919 48297759 57729136 636168067 155361565 820115833 569449140 203258723 50611362 16663393 
450369399 103026 96945 785388538 286493196 6171778 6286861 162806417 773240524 465775029 
599263588 20065720 98329614 236824077 328987718 167260096 834462728 180630032 149171327 235355254 
256169877 111331996 114628291 655843605 265882732 517633384 55847283 382231 84311122 86170935 
538181811 261797276 214632951 458286873 46732753 101778981 330848649 219012395 592315047 98227305 
33982206 347922436 536906938 438366452 255167381 332125953 684500960 604962529 170862251 752244745 
76446109 210965421 639205640 26631908 533715634 122876676 315172118 442732783 173097120 305634563 
205472686 18547631 521091515 571614364 108549416 500586138 446071011 406712798 149651720 85774566 
685607683 621424292 20616816 8404929 317383939 45264588 115580624 103727988 607300171 678740416 
54634841 626964263 37407044 126229638 184902678 692897648 495277330 439801561 432484790 70623169 
307106749 78702186 563180450 151657394 111770927 490444059 644836865 540419889 855906814 20424719 
760624062 233527988 109639639 359524290 572461379 390389835 10239492 34914160 15553962 260060149 
135054436 311519163 399815601 646265879 497221293 70631174 35640040 399368165 715494412 4923138 
204853070 107159368 82914761 383095301 499192412 433574244 287965678 380152728 98200739 307809910 
101540754 480683251 181432109 56573814 538716045 205493850 5451153 714864839 334387341 3696376 
46073588 334390833 12178153 498724568 555839027 885067299 632340079 393569610 498023957 95893283 
804714406 3893385 53597222 93380121 795896427 72740773 30836160 596554404 344183638 48637396 
92500480 100474628 358885798 416608423 507391659 128033261 117691883 255075154 701813036 59718333 
117204001 359401452 206232586 800892692 231651976 522349283 71819207 363113731 158966202 211726621 
117952521 150834233 146669571 182608537 583398738 9581799 190318569 651418101 29685232 41789007 
598527401 23070805 94800855 929921327 493735517 12788206 39123249 392850874 70886737 51989301 
472938 133161889 632511156 736113898 222203479 479853720 409317062 88641750 19151163 63814845 
103975459 239800758 60596236 600750106 53607838 493960558 353984241 299516391 132121743 979531110 
193019423 6854595 122127027 291204236 578494991 130273943 539736947 92666092 1678708 89785400 
46023980 226638366 362009679 2564767 255782142 43361169 546561537 38860432 398026995 67562359 
279425869 672022963 117648239 753520115 461091586 51069176 587952285 296145885 145446789 157411234 
32885933 23828945 170601116 531953210 79679420 387187333 191765042 109464130 726301200 55733827 
700164867 533255554 51769928 232051458 133521219 522838005 202825490 88364513 36212051 172805541 
90881223 573850086 566703783 12221056 29768249 53318785 255381481 148559044 284939557 379105088 
48262604 367407618 869481983 314672362 394813136 650102215 21669328 206933921 483591809 150233610 
238575538 85178845 11591197 44434428 38912147 104049310 122241986 478265071 206802026 505960687 
52500388 116190690 16579535 248447017 477583668 91241172 522442609 148742467 3084693 20023702 
187759600 240911767 430242680 15649889 184030532 127370672 575028011 458121486 34825109 198828957 
75762647 460711104 283959325 661956326 296568483 76388105 269074639 683038780 378134101 10283033 
46555082 695214711 328226130 639362936 574512100 28076336 14121919 749006917 352860127 5960330 
50042264 22251968 12347948 37370878 84864652 464326904 6791735 386212823 402534995 67848122 
515722257 602657204 161050825 10093085 255109548 159427980 63849885 107883547 132222028 275213109 
396653019 38771525 716331110 672910376 6151308 159964074 695203550 84732471 557660714 64153759 
157176767 390137651 831584794 123153421 128936187 921053439 340382187 310873585 5667444 139457732 
95705760 116395855 32507627 30003964 550911942 152998379 51799501 218068904 107619808 278458884 
24276149 181451216 237164197 5898803 73727045 274706829 406324654 175644343 260300243 615818656 
515988608 62729521 157790609 178451091 328900978 466325442 188862896 297286017 22680322 422293503 
10077427 632853939 724768977 26975068 124421294 305434950 356356796 128640697 35600656 574911153 
170450238 238452944 25739685 194826994 61427160 312941506 668408192 155902079 219313115 389156563 
695252399 141217259 482335512 103489689 460384578 125817134 194619197 4916485 871456348 16693551 
301652600 54447390 555336931 46503854 81864101 655598367 86656086 154879251 468150979 33220556 
137034605 52294373 75068678 265289961 2605173 353499326 32774457 36948686 347239891 8443985 
202974505 127872606 215388834 437576200 825581410 32248091 360594636 8973064 417316726 911245449 
170295578 89406771 79523719 83840984 691675926 239538079 109715721 791546707 433208098 91392336 
40172443 518033595 151005107 46304641 28640019 13978852 269343538 313111664 510405603 296171100 
285739268 11881948 172452348 82169413 127236576 597570004 292166712 171261538 156889145 153230722 
319277633 242016013 215468313 170932319 23187782 20467190 987669380 152989910 419855733 141701055 
218548560 411946049 81415323 162387188 25107488 261671809 1656399 23717906 40134235 318857490 
49356728 656230429 309721500 83453473 639209534 28018775 157831088 288096968 16791984 234801075 
837555053 59410418 210852027 20296829 652613 408196966 192311672 96420866 2883164 259289399 
761123498 413068774 67471926 525226406 169387265 917270819 196821651 314128280 290026027 414479849 
29181782 190028726 487807780 163596499 522975783 422975024 557089984 133275452 89408992 173436419 
478053263 284939881 10086590 332411428 339780507 76905642 485300926 6008833 203179562 267587403 
580539136 274296269 126831243 34334473 71879935 630337987 140964952 263768779 982426187 163701535 
298734100 192159198 401405075 197577390 655361991 397469801 336794124 129730501 298349441 395744547 
266745595 307615718 567247427 135922998 196202786 280134427 71036759 159775840 182305302 285220912 
584230575 3620828 4626650 507587022 503439329 8092427 384547258 35298672 103600189 515479671 
187336734 291041764 447711055 990240555 31066530 33477258 437051954 23363467 146105784 141325774 
138504215 17275743 134532688 370537783 500587717 316381448 53565924 609472181 640194501 97789117 
629207697 649097943 61873398 480234658 269523972 13471716 446090955 92054543 1697299 290966003 
339234528 204873297 307203281 211438676 602851944 179593901 644067302 11274096 66995259 61733369 
102162645 733793488 205748694 183885591 159674464 142041696 127837281 110940410 147799846 476117091 
182247489 654364560 112603719 189186921 13875637 534905254 83900451 559979940 70180957 573449084 
358660290 40876263 155732065 549684409 186589767 155074055 983599721 329323971 100607885 273678352 
73062575 360978859 12745873 218249401 327121715 258669252 52674934 109540134 118024061 108350803 
553242608 164336482 253918582 483118069 19492264 42890068 329207308 106276906 316527849 37601148 
683620025 391789741 10854352 121716178 328138179 215707202 106870912 21997760 58577375 570312849 
193012201 457100093 67740901 18330178 33397825 102472554 664539767 563776325 283715557 399811744 
282422206 503531464 820470945 214979454 196798817 65797023 10849910 44704048 152379193 411020838 
401192608 26381768 21083925 281535909 431008260 286567715 12762047 926276 186672267 391251789 
161234797 739708336 38878 369152774 519983283 253077147 475514330 102930520 194450721 110351286 
505183540 420360650 295402261 243942700 78912723 407370118 17766385 589552295 187850578 111513047 
488403888 7427260 566400984 230332542 832665917 384241626 29679078 746319535 98059046 63540320 
174498447 381652313 60043245 386397228 374446568 130251876 63465955 114654293 209411279 69723102 
118654073 822307577 224538597 242424486 440603765 540838819 155727866 84515291 67917767 3408279 
40254310 266557902 46511531 274137589 471819124 133915229 448155329 139929241 282544622 87155906 
57390627 102998385 31041538 83974855 173204706 564273583 30894354 263976007 203403602 216728935 
338300882 438532093 370797588 219593593 28097238 192086359 273829651 3916271 459714709 443520149 
184300953 53828873 276101135 34112715 662674198 93799289 226320133 187801616 111016593 9915959 
546578789 798810937 39633366 337716286 231060866 547386718 139566602 76719205 55332800 902530541 
832208266 245852977 554273862 43989323 449969448 356422445 309868375 7329626 1971829 19807946 
234711793 22152390 47009653 625775065 6624574 535378431 181587880 428210910 555863679 43512456 
204566717 316759798 429152593 21366137 1031460505 25755414 30195923 39379958 187321936 17736963 
22259365 379860128 110696682 411593900 341824337 6826090 40077650 624075580 670187051 26535053 
336786640 330631929 243938376 91627689 511198653 600616965 439800640 85375976 209590483 525309087 
234234530 161125089 141838411 51075094 248522805 490340932 311845140 122067784 56863437 331474134 
452274855 444360706 58148487 340274333 2174025 31753179 257100449 76613274 126094729 94091964 
325035388 420403144 31868509 232053201 37871845 11891660 925326 884385252 1229246 129847467 
79999358 36556553 291830925 796532281 305539545 573198513 138417082 359278178 26721631 378899766 
11330456 72017196 222069671 180201645 60584472 380315331 465883246 227536206 887392120 395762950 
147743897 1321017 202005639 499534136 25201614 604120506 330512374 345606796 86682016 73626604 
225532307 34962013 148821536 5900072 566999835 226909631 663127110 121371903 16660723 11875645 
553386832 725586870 272222021 775392301 28480992 45780619 156425749 225788244 271454389 273854442 
709537531 198054281 73613509 393416430 51585606 650439814 88518692 154475929 65762393 381189937 
47068294 3302401 29867583 69066667 65814888 702794439 140683727 83788007 560877776 242495713 
2907186 12134430 474910191 270941824 285616822 411556335 43747972 621410895 740938289 624711385 
595181135 543296964 510888366 596775704 450657 96193763 415926388 216414739 291231667 114383124 
196330774 41754259 272143472 513085060 92101252 127681327 568440140 59526003 32020418 496036282 
28624177 229896708 63845578 158742302 384869019 14617125 49855783 125755938 27435854 30527357 
24502014 66698270 396366479 221729062 74058909 607721180 179569569 448156559 441355746 321570464 
302409906 202991025 37155797 335646747 280663734 510391006 537507002 186141875 125037239 106992961 
339961679 25165578 12199891 79490353 338576836 59595226 149561069 227773052 156324640 110396429 
497750941 107855723 309182405 431831437 153983537 75280184 406906353 156565131 246076743 776997524 
358251627 12252095 31887200 144280965 62769316 52832413 55933971 708698684 363293788 196968128 
497902412 697183906 98589281 46555621 406226359 58903798 180505146 116366 185891569 777362149 
188751660 87183879 655051832 485027072 802345947 604646732 201862072 771889618 73370558 143499172 
5399931 34321240 664741324 183436772 604836265 64086091 415341256 106177676 51500551 39635983 
246844754 64395994 13217382 463929931 765843056 741158528 20188448 69210423 150472576 591989203 
2257254 306674282 334846905 219627720 27515757 306334115 713659561 462032983 28846160 165252366 
132676271 185398381 493377808 126346019 474198195 90248829 433144808 263152009 433406294 160377849 
497999952 98357386 638262809 345626084 53667365 47056678 191765078 269270343 89841076 212922654 
802263548 2505807 93392863 167669131 444207653 21369604 5271631 159378846 678460441 57266138 
357083151 148334782 118745698 229029811 42221484 794686532 414233622 577949032 7608994 482885630 
881090546 206423722 121027828 15204202 409983983 199727196 259882354 14068668 223044166 49503872 
150102482 848125398 544949240 2534633 153580905 378925258 195965562 229937262 23702551 177748037 
42164024 27582360 148850535 758584420 1033343576 281785295 152509663 351646276 171554690 491019971 
24629579 570427353 5187462 3442004 711590586 126474329 5160909 108594022 256573175 372537964 
604550777 912923152 172632685 360308826 376995471 108173412 56940880 74465353 650190962 329243954 
646319029 447715314 696100008 789854906 5432315 181306790 36116325 546411556 416193549 59523710 
43266632 620405378 243807996 12144565 136021250 93751343 71269570 865423742 138792127 141334036 
836862 161660353 65279276 252920070 110544224 157044176 220707864 676021194 252312034 594722959 
267392048 116046626 657879955 342373255 366316950 25318848 185858598 18766492 431102591 142510510 
157646321 272808508 127456600 133910151 745249095 20623182 336128283 225176499 92379325 151331917 
332121435 200771600 76531146 20521686 145624378 29944998 110189625 172132957 28018525 128978811 
1003407870 150998929 464503739 236760593 301161366 249522485 25556743 15190143 16949881 177392409 
345828551 152210006 24284571 145331701 289123638 502388918 383903571 738542263 402407846 99521276 
520109367 40271524 333237558 194368866 136573493 126193204 249162131 94382890 270536834 339922447 
2354474 123355860 872727518 7833879 511621850 94427748 303329451 373676868 35795823 302659951 
362438010 284501032 11485943 250740897 260227143 2403636 249790899 58738559 359392959 180209246 
12082251 285985650 18081464 144434682 158714106 792704054 21651825 546888251 80683525 20372265 
14381314 264807193 374612289 45242153 143648215 197062268 182144808 76690039 639500180 323389909 
17155309 378880598 459117267 172956810 29987589 341953074 376068291 19575560 235890556 283072188 
113158548 494884838 558838555 500353359 108988491 395436207 443538725 21381361 384324443 29628193 
114480929 267271937 119208736 526665687 21964862 22405149 601463603 12657947 329861697 721942 
169453891 292762602 38819247 13359667 704497330 540083756 873719721 54678625 1591223 125648939 
15908849 273147373 81694914 241768456 254689149 80124569 231137607 124242601 13504839 746296439 
556410588 152234504 93096712 357964639 556549211 462111210 1132327 88175002 73274647 419260 
94160721 104817827 17408447 333369178 83365 142487437 50416809 28028059 47646128 265014348 
22779483 141687497 39756573 68394928 389490939 261404649 596138365 233814975 28950542 410162431 
123285331 354939667 159759298 13404711 628105297 78121124 168069662 110987176 817816330 107760187 
311020740 169857120 42670939 495149709 51964719 97984034 78705851 61998136 662414961 22711175 
35671476 4288008 2798300 283967357 270057576 722680095 602406716 90220 605798213 407148615 
37297294 461514489 611534025 3434322 537376153 347298307 106971619 647197123 570776274 411918016 
757857423 312215500 239265502 597557096 17148355 98113974 30283446 40662824 824191039 588708359 
359224424 237787943 235170508 193343935 57881 21753516 32757842 21057364 290654676 30548967 
74778564 734184119 609697807 154276743 147467410 475547478 49618785 430522617 99973282 184341474 
44075470 153170491 488868466 372432394 480919286 300357735 79627518 632526990 531716445 792649127 
188087852 832326237 122098570 979781637 30971676 143093669 206433313 213939764 1014253158 4427484 
17065747 369743428 88877213 139948732 59210030 2760008 49654190 114291135 244707104 124141213 
421682712 511698199 716075052 15741126 1742083 10212386 119382887 375048450 55205207 339305376 
273842780 462928482 509136715 932081486 24802608 126299542 232512405 177451050 68864880 164418070 
46479320 8599496 268071250 999784934 214434377 38588918 319342109 137597778 90760813 96555655 
168258968 583290732 246216813 92857585 832379918 225642201 704229610 98258255 88035036 91804453 
136928027 594749598 332252733 9067588 15984656 47177828 54667508 31216914 294128190 284303160 
649753753 217575463 21324508 47331701 330464410 692258547 309229742 281383431 635493406 412032936 
208654832 80853772 28256270 350932932 1724036 534988288 191669363 263978907 629517935 90110540 
75342225 180022767 201828253 726680850 91989532 315836141 107941789 396484877 283032546 62528122 
116938256 54843699 42723925 173651044 403856053 14225290 139318585 14220584 108738506 69150482 
867523100 799236280 52363705 257913250 188291772 77021106 230774880 87604633 453287607 22669826 
245576494 68900911 377986520 172926377 94587310 443832697 705442054 235988378 308349120 446393433 
74950728 188668637 124177350 273048371 448329483 376098788 714746792 459038381 145377335 32925910 
78235394 138026760 458482479 4378735 762035649 386415451 292529555 699311102 552040576 197180790 
28554460 748636185 504556296 243725232 371907569 132459971 15148092 593993211 151461091 392371882 
80730069 262627848 244524652 446272074 420062684 379852182 177658373 227318916 353476080 725172207 
548821291 9087050 547009179 20517879 77743509 354625867 48422971 272903955 495757668 1388727 
44280946 660696508 692981523 34347436 190043101 262915267 453001497 204437104 9833580 152105778 
881759873 143560382 75333715 106530762 104308806 249792006 631796799 406867321 557123662 355301964 
527944558 80177818 108398116 4842634 610336 34868431 582260900 18346533 152393531 590276124 
331740975 430954929 73143321 633818 201886620 189095304 49164270 424023257 667901265 529617063 
11726501 12043119 197975890 89758685 44401089 38704058 368285131 208393979 426119456 391395594 
36301715 76139120 563346995 604788767 4763187 52640952 123327046 24707568 48993775 480514842 
406130482 17544381 158134 284988996 64117649 10867815 345818600 7574501 334413664 7182052 
770436504 192456596 975521617 502342711 74233608 539588273 498458525 308078475 427762602 655823800 
217274129 123238371 347789348 71437709 357197263 235857998 443797952 678065992 30803232 38145632 
717655048 97375112 145158885 278160674 332002999 629286888 74673172 582109008 126240190 212168479 
266068763 230850405 925286962 223657198 355933996 137203130 86972845 76179912 130983702 933256734 
96180118 962099942 714756850 263373121 148356782 26324341 5201257 60972950 153518549 72479716 
65409493 100598365 505037052 613024447 343798047 243071400 337167002 10866971 760234876 75282655 
114886122 2186824 367869756 152763951 455822250 115270932 315518312 764363376 863619667 249234514 
172860862 247904640 218002505 66925012 231982353 409239994 207834415 230265523 42190904 60564224 
113904395 44295127 602187417 195054807 53715931 515791271 213060186 803281054 22054708 379506508 
109613760 343622493 110838068 105907982 354890504 832115863 79587864 252095649 426432929 272010514 
399483198 823366308 37081431 119509064 229415406 991683 332515180 247963654 162001507 150005322 
325763575 540466343 711144020 82704235 366155596 143566962 90587129 125312968 196985066 463073243 
174345774 30676099 578955006 67580450 529182414 125447416 681358374 677449426 45281919 36839031 
